0.0 0.0 0.0 0.0 0.0 0.0 0.0 0.0 0.0 0.0 0.0 0.0 0.0 0.0 0.0 0.0 0.0 0.0 0.0 0.0 0.0 0.0 0.0 0.0 0.0 0.0 0.0 0.0 0.0 0.0 0.0 0.0 0.0 0.0 0.0 0.0 0.0 0.0 0.0 0.0 0.0 0.0 0.0 0.0 0.0 0.0 0.0 0.0 0.0 0.0 0.0 0.0 0.0 0.0 0.0 0.0 0.0 0.0 0.0 0.0 0.0 0.0 0.0 0.0 0.0 0.0 0.0 0.0 0.0 0.0 0.0 0.0 0.0 0.0 0.0 0.0 0.0 0.0 0.0 0.0 0.0 0.0 0.0 0.0 0.0 0.0 0.0 0.0 0.0 0.0 0.0 0.0 0.0 0.0 0.0 0.0 0.0 0.0 0.0 0.0 0.0
0.0 0.0 0.0 0.0 0.0 0.0 0.0 0.0 0.0 0.0 0.0 0.0 0.0 0.0 0.0 0.0 0.0 0.0 0.0 0.0 0.0 0.0 0.0 0.0 0.0 0.0 0.0 0.0 0.0 0.0 0.0 0.0 0.0 0.0 0.0 0.0 0.0 0.0 0.0 0.0 0.0 0.0 0.0 0.0 0.0 0.0 0.0 0.0 0.0 0.0 0.0 0.0 0.0 0.0 0.0 0.0 0.0 0.0 0.0 0.0 0.0 0.0 0.0 0.0 0.0 0.0 0.0 0.0 0.0 0.0 0.0 0.0 0.0 0.0 0.0 0.0 0.0 0.0 0.0 0.0 0.0 0.0 0.0 0.0 0.0 0.0 0.0 0.0 0.0 0.0 0.0 0.0 0.0 0.0 0.0 0.0 0.0 0.0 0.0 0.0 0.0
0.0 0.0 0.0 0.0 0.0 0.0 0.0 0.0 0.0 0.0 0.0 0.0 0.0 0.0 0.0 0.0 0.0 0.0 0.0 0.0 0.0 0.0 0.0 0.0 0.0 0.0 0.0 0.0 0.0 0.0 0.0 0.0 0.0 0.0 0.0 0.0 0.0 0.0 0.0 0.0 0.0 0.0 0.0 0.0 0.0 0.0 0.0 0.0 0.0 0.0 0.0 0.0 0.0 0.0 0.0 0.0 0.0 0.0 0.0 0.0 0.0 0.0 0.0 0.0 0.0 0.0 0.0 0.0 0.0 0.0 0.0 0.0 0.0 0.0 0.0 0.0 0.0 0.0 0.0 0.0 0.0 0.0 0.0 0.0 0.0 0.0 0.0 0.0 0.0 0.0 0.0 0.0 0.0 0.0 0.0 0.0 0.0 0.0 0.0 0.0 0.0
0.0 0.0 0.0 0.0 0.0 0.0 0.0 0.0 0.0 0.0 0.0 0.0 0.0 0.0 0.0 0.0 0.0 0.0 0.0 0.0 0.0 0.0 0.0 0.0 0.0 0.0 0.0 0.0 0.0 0.0 0.0 0.0 0.0 0.0 0.0 0.0 0.0 0.0 0.0 0.0 0.0 0.0 0.0 0.0 0.0 0.0 0.0 0.0 0.0 0.0 0.0 0.0 0.0 0.0 0.0 0.0 0.0 0.0 0.0 0.0 0.0 0.0 0.0 0.0 0.0 0.0 0.0 0.0 0.0 0.0 0.0 0.0 0.0 0.0 0.0 0.0 0.0 0.0 0.0 0.0 0.0 0.0 0.0 0.0 0.0 0.0 0.0 0.0 0.0 0.0 0.0 0.0 0.0 0.0 0.0 0.0 0.0 0.0 0.0 0.0 0.0
0.0 0.0 0.0 0.0 0.0 0.0 0.0 0.0 0.0 0.0 0.0 0.0 0.0 0.0 0.0 0.0 0.0 0.0 0.0 0.0 0.0 0.0 0.0 0.0 0.0 0.0 0.0 0.0 0.0 0.0 0.0 0.0 0.0 0.0 0.0 0.0 0.0 0.0 0.0 0.0 0.0 0.0 0.0 0.0 0.0 0.0 9.7502e-09 9.74555e-09 9.74062e-09 9.7354e-09 9.72991e-09 9.72414e-09 9.71809e-09 9.71177e-09 9.70517e-09 0.0 0.0 0.0 0.0 0.0 0.0 0.0 0.0 0.0 0.0 0.0 0.0 0.0 0.0 0.0 0.0 0.0 0.0 0.0 0.0 0.0 0.0 0.0 0.0 0.0 0.0 0.0 0.0 0.0 0.0 0.0 0.0 0.0 0.0 0.0 0.0 0.0 0.0 0.0 0.0 0.0 0.0 0.0 0.0 0.0 0.0
0.0 0.0 0.0 0.0 0.0 0.0 0.0 0.0 0.0 0.0 0.0 0.0 0.0 0.0 0.0 0.0 0.0 0.0 0.0 0.0 0.0 0.0 0.0 0.0 0.0 0.0 0.0 0.0 0.0 0.0 0.0 0.0 0.0 0.0 0.0 0.0 0.0 0.0 0.0 0.0 9.77945e-09 9.77648e-09 9.77322e-09 9.76969e-09 9.76587e-09 9.76178e-09 9.7574e-09 9.75274e-09 9.74781e-09 9.74259e-09 9.73709e-09 9.73132e-09 9.72527e-09 9.71894e-09 9.71233e-09 9.70545e-09 9.69829e-09 9.69086e-09 9.68315e-09 9.67517e-09 9.66691e-09 0.0 0.0 0.0 0.0 0.0 0.0 0.0 0.0 0.0 0.0 0.0 0.0 0.0 0.0 0.0 0.0 0.0 0.0 0.0 0.0 0.0 0.0 0.0 0.0 0.0 0.0 0.0 0.0 0.0 0.0 0.0 0.0 0.0 0.0 0.0 0.0 0.0 0.0 0.0 0.0
0.0 0.0 0.0 0.0 0.0 0.0 0.0 0.0 0.0 0.0 0.0 0.0 0.0 0.0 0.0 0.0 0.0 0.0 0.0 0.0 0.0 0.0 0.0 0.0 0.0 0.0 0.0 0.0 0.0 0.0 0.0 0.0 0.0 0.0 0.0 0.0 9.79545e-09 9.79361e-09 9.79148e-09 9.78907e-09 9.78638e-09 9.78341e-09 9.78015e-09 9.77662e-09 9.7728e-09 9.7687e-09 9.76432e-09 9.75966e-09 9.75472e-09 9.7495e-09 9.744e-09 9.73822e-09 9.73216e-09 9.72583e-09 9.71922e-09 9.71233e-09 9.70517e-09 9.69773e-09 9.69002e-09 9.68203e-09 9.67377e-09 9.66523e-09 9.65643e-09 9.64735e-09 9.638e-09 0.0 0.0 0.0 0.0 0.0 0.0 0.0 0.0 0.0 0.0 0.0 0.0 0.0 0.0 0.0 0.0 0.0 0.0 0.0 0.0 0.0 0.0 0.0 0.0 0.0 0.0 0.0 0.0 0.0 0.0 0.0 0.0 0.0 0.0 0.0 0.0
0.0 0.0 0.0 0.0 0.0 0.0 0.0 0.0 0.0 0.0 0.0 0.0 0.0 0.0 0.0 0.0 0.0 0.0 0.0 0.0 0.0 0.0 0.0 0.0 0.0 0.0 0.0 0.0 0.0 0.0 0.0 0.0 0.0 9.80594e-09 9.80495e-09 9.80367e-09 9.80211e-09 9.80027e-09 9.79814e-09 9.79573e-09 9.79304e-09 9.79006e-09 9.78681e-09 9.78327e-09 9.77945e-09 9.77534e-09 9.77096e-09 9.7663e-09 9.76135e-09 9.75613e-09 9.75063e-09 9.74484e-09 9.73878e-09 9.73245e-09 9.72583e-09 9.71894e-09 9.71177e-09 9.70433e-09 9.69661e-09 9.68861e-09 9.68035e-09 9.67181e-09 9.663e-09 9.65391e-09 9.64456e-09 9.63494e-09 9.62504e-09 9.61488e-09 0.0 0.0 0.0 0.0 0.0 0.0 0.0 0.0 0.0 0.0 0.0 0.0 0.0 0.0 0.0 0.0 0.0 0.0 0.0 0.0 0.0 0.0 0.0 0.0 0.0 0.0 0.0 0.0 0.0 0.0 0.0 0.0 0.0
0.0 0.0 0.0 0.0 0.0 0.0 0.0 0.0 0.0 0.0 0.0 0.0 0.0 0.0 0.0 0.0 0.0 0.0 0.0 0.0 0.0 0.0 0.0 0.0 0.0 0.0 0.0 0.0 0.0 0.0 0.0 9.81346e-09 9.81304e-09 9.81233e-09 9.81133e-09 9.81006e-09 9.80849e-09 9.80665e-09 9.80452e-09 9.80211e-09 9.79942e-09 9.79644e-09 9.79318e-09 9.78964e-09 9.78582e-09 9.78171e-09 9.77732e-09 9.77266e-09 9.76771e-09 9.76248e-09 9.75698e-09 9.75119e-09 9.74513e-09 9.73878e-09 9.73216e-09 9.72527e-09 9.71809e-09 9.71065e-09 9.70292e-09 9.69492e-09 9.68665e-09 9.67811e-09 9.66929e-09 9.6602e-09 9.65084e-09 9.64121e-09 9.63131e-09 9.62115e-09 9.61071e-09 9.60001e-09 0.0 0.0 0.0 0.0 0.0 0.0 0.0 0.0 0.0 0.0 0.0 0.0 0.0 0.0 0.0 0.0 0.0 0.0 0.0 0.0 0.0 0.0 0.0 0.0 0.0 0.0 0.0 0.0 0.0 0.0 0.0
0.0 0.0 0.0 0.0 0.0 0.0 0.0 0.0 0.0 0.0 0.0 0.0 0.0 0.0 0.0 0.0 0.0 0.0 0.0 0.0 0.0 0.0 0.0 0.0 0.0 0.0 0.0 0.0 0.0 9.81957e-09 9.81971e-09 9.81957e-09 9.81914e-09 9.81843e-09 9.81744e-09 9.81616e-09 9.8146e-09 9.81275e-09 9.81062e-09 9.80821e-09 9.80551e-09 9.80254e-09 9.79927e-09 9.79573e-09 9.79191e-09 9.7878e-09 9.78341e-09 9.77874e-09 9.77379e-09 9.76856e-09 9.76305e-09 9.75726e-09 9.75119e-09 9.74484e-09 9.73822e-09 9.73132e-09 9.72414e-09 9.71669e-09 9.70896e-09 9.70096e-09 9.69268e-09 9.68413e-09 9.67531e-09 9.66621e-09 9.65685e-09 9.64721e-09 9.63731e-09 9.62713e-09 9.61669e-09 9.60599e-09 9.59501e-09 9.58378e-09 0.0 0.0 0.0 0.0 0.0 0.0 0.0 0.0 0.0 0.0 0.0 0.0 0.0 0.0 0.0 0.0 0.0 0.0 0.0 0.0 0.0 0.0 0.0 0.0 0.0 0.0 0.0 0.0 0.0
0.0 0.0 0.0 0.0 0.0 0.0 0.0 0.0 0.0 0.0 0.0 0.0 0.0 0.0 0.0 0.0 0.0 0.0 0.0 0.0 0.0 0.0 0.0 0.0 0.0 0.0 0.0 9.82426e-09 9.82497e-09 9.8254e-09 9.82554e-09 9.8254e-09 9.82497e-09 9.82426e-09 9.82326e-09 9.82198e-09 9.82042e-09 9.81857e-09 9.81644e-09 9.81403e-09 9.81133e-09 9.80835e-09 9.80509e-09 9.80154e-09 9.79772e-09 9.79361e-09 9.78921e-09 9.78454e-09 9.77959e-09 9.77435e-09 9.76884e-09 9.76305e-09 9.75698e-09 9.75063e-09 9.744e-09 9.73709e-09 9.72991e-09 9.72245e-09 9.71472e-09 9.70671e-09 9.69843e-09 9.68987e-09 9.68105e-09 9.67195e-09 9.66258e-09 9.65294e-09 9.64303e-09 9.63285e-09 9.6224e-09 9.61169e-09 9.60071e-09 9.58946e-09 9.57795e-09 9.56618e-09 0.0 0.0 0.0 0.0 0.0 0.0 0.0 0.0 0.0 0.0 0.0 0.0 0.0 0.0 0.0 0.0 0.0 0.0 0.0 0.0 0.0 0.0 0.0 0.0 0.0 0.0 0.0
0.0 0.0 0.0 0.0 0.0 0.0 0.0 0.0 0.0 0.0 0.0 0.0 0.0 0.0 0.0 0.0 0.0 0.0 0.0 0.0 0.0 0.0 0.0 0.0 0.0 0.0 9.82881e-09 9.8298e-09 9.83051e-09 9.83094e-09 9.83108e-09 9.83094e-09 9.83051e-09 9.8298e-09 9.82881e-09 9.82753e-09 9.82596e-09 9.82412e-09 9.82198e-09 9.81957e-09 9.81687e-09 9.81389e-09 9.81062e-09 9.80708e-09 9.80325e-09 9.79913e-09 9.79474e-09 9.79006e-09 9.78511e-09 9.77987e-09 9.77435e-09 9.76856e-09 9.76248e-09 9.75613e-09 9.7495e-09 9.74259e-09 9.7354e-09 9.72794e-09 9.7202e-09 9.71219e-09 9.7039e-09 9.69534e-09 9.68651e-09 9.67741e-09 9.66803e-09 9.65838e-09 9.64847e-09 9.63828e-09 9.62783e-09 9.61711e-09 9.60613e-09 9.59487e-09 9.58336e-09 9.57158e-09 9.55954e-09 9.54724e-09 0.0 0.0 0.0 0.0 0.0 0.0 0.0 0.0 0.0 0.0 0.0 0.0 0.0 0.0 0.0 0.0 0.0 0.0 0.0 0.0 0.0 0.0 0.0 0.0 0.0
0.0 0.0 0.0 0.0 0.0 0.0 0.0 0.0 0.0 0.0 0.0 0.0 0.0 0.0 0.0 0.0 0.0 0.0 0.0 0.0 0.0 0.0 0.0 0.0 9.83123e-09 9.83279e-09 9.83407e-09 9.83507e-09 9.83578e-09 9.8362e-09 9.83635e-09 9.8362e-09 9.83578e-09 9.83507e-09 9.83407e-09 9.83279e-09 9.83123e-09 9.82938e-09 9.82724e-09 9.82483e-09 9.82213e-09 9.81914e-09 9.81588e-09 9.81233e-09 9.80849e-09 9.80438e-09 9.79998e-09 9.79531e-09 9.79035e-09 9.78511e-09 9.77959e-09 9.77379e-09 9.76771e-09 9.76135e-09 9.75472e-09 9.74781e-09 9.74062e-09 9.73315e-09 9.72541e-09 9.71739e-09 9.7091e-09 9.70054e-09 9.6917e-09 9.68259e-09 9.67321e-09 9.66356e-09 9.65363e-09 9.64344e-09 9.63299e-09 9.62226e-09 9.61127e-09 9.60001e-09 9.58849e-09 9.57671e-09 9.56466e-09 9.55235e-09 9.53979e-09 0.0 0.0 0.0 0.0 0.0 0.0 0.0 0.0 0.0 0.0 0.0 0.0 0.0 0.0 0.0 0.0 0.0 0.0 0.0 0.0 0.0 0.0 0.0 0.0
0.0 0.0 0.0 0.0 0.0 0.0 0.0 0.0 0.0 0.0 0.0 0.0 0.0 0.0 0.0 0.0 0.0 0.0 0.0 0.0 0.0 0.0 0.0 9.83435e-09 9.8362e-09 9.83777e-09 9.83905e-09 9.84005e-09 9.84076e-09 9.84119e-09 9.84133e-09 9.84119e-09 9.84076e-09 9.84005e-09 9.83905e-09 9.83777e-09 9.8362e-09 9.83435e-09 9.83222e-09 9.8298e-09 9.8271e-09 9.82412e-09 9.82085e-09 9.8173e-09 9.81346e-09 9.80935e-09 9.80495e-09 9.80027e-09 9.79531e-09 9.79006e-09 9.78454e-09 9.77874e-09 9.77266e-09 9.7663e-09 9.75966e-09 9.75274e-09 9.74555e-09 9.73808e-09 9.73033e-09 9.72231e-09 9.71402e-09 9.70545e-09 9.69661e-09 9.68749e-09 9.67811e-09 9.66845e-09 9.65852e-09 9.64833e-09 9.63786e-09 9.62713e-09 9.61614e-09 9.60487e-09 9.59335e-09 9.58156e-09 9.56951e-09 9.55719e-09 9.54462e-09 9.53178e-09 0.0 0.0 0.0 0.0 0.0 0.0 0.0 0.0 0.0 0.0 0.0 0.0 0.0 0.0 0.0 0.0 0.0 0.0 0.0 0.0 0.0 0.0 0.0
0.0 0.0 0.0 0.0 0.0 0.0 0.0 0.0 0.0 0.0 0.0 0.0 0.0 0.0 0.0 0.0 0.0 0.0 0.0 0.0 0.0 9.8345e-09 9.83692e-09 9.83905e-09 9.8409e-09 9.84247e-09 9.84375e-09 9.84475e-09 9.84546e-09 9.84589e-09 9.84603e-09 9.84589e-09 9.84546e-09 9.84475e-09 9.84375e-09 9.84247e-09 9.8409e-09 9.83905e-09 9.83692e-09 9.8345e-09 9.83179e-09 9.82881e-09 9.82554e-09 9.82198e-09 9.81815e-09 9.81403e-09 9.80963e-09 9.80495e-09 9.79998e-09 9.79474e-09 9.78921e-09 9.78341e-09 9.77732e-09 9.77096e-09 9.76432e-09 9.7574e-09 9.7502e-09 9.74273e-09 9.73498e-09 9.72696e-09 9.71866e-09 9.71008e-09 9.70124e-09 9.69212e-09 9.68273e-09 9.67307e-09 9.66314e-09 9.65294e-09 9.64247e-09 9.63173e-09 9.62073e-09 9.60946e-09 9.59793e-09 9.58613e-09 9.57408e-09 9.56176e-09 9.54918e-09 9.53634e-09 9.52324e-09 9.50988e-09 0.0 0.0 0.0 0.0 0.0 0.0 0.0 0.0 0.0 0.0 0.0 0.0 0.0 0.0 0.0 0.0 0.0 0.0 0.0 0.0 0.0
0.0 0.0 0.0 0.0 0.0 0.0 0.0 0.0 0.0 0.0 0.0 0.0 0.0 0.0 0.0 0.0 0.0 0.0 0.0 0.0 9.8362e-09 9.83891e-09 9.84133e-09 9.84346e-09 9.84532e-09 9.84688e-09 9.84817e-09 9.84916e-09 9.84988e-09 9.8503e-09 9.85045e-09 9.8503e-09 9.84988e-09 9.84916e-09 9.84817e-09 9.84688e-09 9.84532e-09 9.84346e-09 9.84133e-09 9.83891e-09 9.8362e-09 9.83322e-09 9.82995e-09 9.82639e-09 9.82255e-09 9.81843e-09 9.81403e-09 9.80935e-09 9.80438e-09 9.79913e-09 9.79361e-09 9.7878e-09 9.78171e-09 9.77534e-09 9.7687e-09 9.76178e-09 9.75458e-09 9.7471e-09 9.73935e-09 9.73132e-09 9.72302e-09 9.71444e-09 9.70559e-09 9.69647e-09 9.68707e-09 9.67741e-09 9.66747e-09 9.65727e-09 9.64679e-09 9.63605e-09 9.62504e-09 9.61377e-09 9.60223e-09 9.59043e-09 9.57837e-09 9.56604e-09 9.55346e-09 9.54061e-09 9.52751e-09 9.51415e-09 9.50053e-09 0.0 0.0 0.0 0.0 0.0 0.0 0.0 0.0 0.0 0.0 0.0 0.0 0.0 0.0 0.0 0.0 0.0 0.0 0.0 0.0
0.0 0.0 0.0 0.0 0.0 0.0 0.0 0.0 0.0 0.0 0.0 0.0 0.0 0.0 0.0 0.0 0.0 0.0 0.0 9.83734e-09 9.84033e-09 9.84304e-09 9.84546e-09 9.8476e-09 9.84945e-09 9.85102e-09 9.8523e-09 9.8533e-09 9.85401e-09 9.85444e-09 9.85458e-09 9.85444e-09 9.85401e-09 9.8533e-09 9.8523e-09 9.85102e-09 9.84945e-09 9.8476e-09 9.84546e-09 9.84304e-09 9.84033e-09 9.83734e-09 9.83407e-09 9.83051e-09 9.82667e-09 9.82255e-09 9.81815e-09 9.81346e-09 9.80849e-09 9.80325e-09 9.79772e-09 9.79191e-09 9.78582e-09 9.77945e-09 9.7728e-09 9.76587e-09 9.75867e-09 9.75119e-09 9.74343e-09 9.7354e-09 9.7271e-09 9.71852e-09 9.70966e-09 9.70054e-09 9.69114e-09 9.68147e-09 9.67153e-09 9.66132e-09 9.65084e-09 9.6401e-09 9.62908e-09 9.61781e-09 9.60626e-09 9.59446e-09 9.58239e-09 9.57006e-09 9.55747e-09 9.54462e-09 9.53151e-09 9.51814e-09 9.50452e-09 9.49064e-09 0.0 0.0 0.0 0.0 0.0 0.0 0.0 0.0 0.0 0.0 0.0 0.0 0.0 0.0 0.0 0.0 0.0 0.0 0.0
0.0 0.0 0.0 0.0 0.0 0.0 0.0 0.0 0.0 0.0 0.0 0.0 0.0 0.0 0.0 0.0 0.0 0.0 9.83791e-09 9.84119e-09 9.84418e-09 9.84688e-09 9.84931e-09 9.85144e-09 9.8533e-09 9.85486e-09 9.85615e-09 9.85715e-09 9.85786e-09 9.85829e-09 9.85843e-09 9.85829e-09 9.85786e-09 9.85715e-09 9.85615e-09 9.85486e-09 9.8533e-09 9.85144e-09 9.84931e-09 9.84688e-09 9.84418e-09 9.84119e-09 9.83791e-09 9.83435e-09 9.83051e-09 9.82639e-09 9.82198e-09 9.8173e-09 9.81233e-09 9.80708e-09 9.80154e-09 9.79573e-09 9.78964e-09 9.78327e-09 9.77662e-09 9.76969e-09 9.76248e-09 9.755e-09 9.74724e-09 9.73921e-09 9.7309e-09 9.72231e-09 9.71346e-09 9.70433e-09 9.69492e-09 9.68525e-09 9.67531e-09 9.66509e-09 9.65461e-09 9.64386e-09 9.63285e-09 9.62156e-09 9.61002e-09 9.59821e-09 9.58613e-09 9.5738e-09 9.5612e-09 9.54835e-09 9.53523e-09 9.52186e-09 9.50823e-09 9.49435e-09 9.48021e-09 0.0 0.0 0.0 0.0 0.0 0.0 0.0 0.0 0.0 0.0 0.0 0.0 0.0 0.0 0.0 0.0 0.0 0.0
0.0 0.0 0.0 0.0 0.0 0.0 0.0 0.0 0.0 0.0 0.0 0.0 0.0 0.0 0.0 0.0 0.0 9.83791e-09 9.84147e-09 9.84475e-09 9.84774e-09 9.85045e-09 9.85287e-09 9.85501e-09 9.85686e-09 9.85843e-09 9.85971e-09 9.86071e-09 9.86143e-09 9.86185e-09 9.862e-09 9.86185e-09 9.86143e-09 9.86071e-09 9.85971e-09 9.85843e-09 9.85686e-09 9.85501e-09 9.85287e-09 9.85045e-09 9.84774e-09 9.84475e-09 9.84147e-09 9.83791e-09 9.83407e-09 9.82995e-09 9.82554e-09 9.82085e-09 9.81588e-09 9.81062e-09 9.80509e-09 9.79927e-09 9.79318e-09 9.78681e-09 9.78015e-09 9.77322e-09 9.76601e-09 9.75853e-09 9.75077e-09 9.74273e-09 9.73442e-09 9.72583e-09 9.71697e-09 9.70784e-09 9.69843e-09 9.68875e-09 9.67881e-09 9.66859e-09 9.6581e-09 9.64735e-09 9.63633e-09 9.62504e-09 9.61349e-09 9.60168e-09 9.5896e-09 9.57726e-09 9.56466e-09 9.5518e-09 9.53868e-09 9.5253e-09 9.51167e-09 9.49778e-09 9.48364e-09 9.46924e-09 0.0 0.0 0.0 0.0 0.0 0.0 0.0 0.0 0.0 0.0 0.0 0.0 0.0 0.0 0.0 0.0 0.0
0.0 0.0 0.0 0.0 0.0 0.0 0.0 0.0 0.0 0.0 0.0 0.0 0.0 0.0 0.0 0.0 9.83734e-09 9.84119e-09 9.84475e-09 9.84802e-09 9.85102e-09 9.85372e-09 9.85615e-09 9.85829e-09 9.86014e-09 9.86171e-09 9.86299e-09 9.86399e-09 9.86471e-09 9.86514e-09 9.86528e-09 9.86514e-09 9.86471e-09 9.86399e-09 9.86299e-09 9.86171e-09 9.86014e-09 9.85829e-09 9.85615e-09 9.85372e-09 9.85102e-09 9.84802e-09 9.84475e-09 9.84119e-09 9.83734e-09 9.83322e-09 9.82881e-09 9.82412e-09 9.81914e-09 9.81389e-09 9.80835e-09 9.80254e-09 9.79644e-09 9.79006e-09 9.78341e-09 9.77648e-09 9.76926e-09 9.76178e-09 9.75401e-09 9.74597e-09 9.73766e-09 9.72907e-09 9.7202e-09 9.71107e-09 9.70166e-09 9.69198e-09 9.68203e-09 9.67181e-09 9.66132e-09 9.65056e-09 9.63954e-09 9.62825e-09 9.61669e-09 9.60487e-09 9.59279e-09 9.58045e-09 9.56784e-09 9.55498e-09 9.54186e-09 9.52847e-09 9.51484e-09 9.50094e-09 9.4868e-09 9.4724e-09 9.45774e-09 0.0 0.0 0.0 0.0 0.0 0.0 0.0 0.0 0.0 0.0 0.0 0.0 0.0 0.0 0.0 0.0
0.0 0.0 0.0 0.0 0.0 0.0 0.0 0.0 0.0 0.0 0.0 0.0 0.0 0.0 0.0 9.8362e-09 9.84033e-09 9.84418e-09 9.84774e-09 9.85102e-09 9.85401e-09 9.85672e-09 9.85914e-09 9.86128e-09 9.86314e-09 9.86471e-09 9.86599e-09 9.86699e-09 9.8677e-09 9.86813e-09 9.86828e-09 9.86813e-09 9.8677e-09 9.86699e-09 9.86599e-09 9.86471e-09 9.86314e-09 9.86128e-09 9.85914e-09 9.85672e-09 9.85401e-09 9.85102e-09 9.84774e-09 9.84418e-09 9.84033e-09 9.8362e-09 9.83179e-09 9.8271e-09 9.82213e-09 9.81687e-09 9.81133e-09 9.80551e-09 9.79942e-09 9.79304e-09 9.78638e-09 9.77945e-09 9.77223e-09 9.76474e-09 9.75698e-09 9.74893e-09 9.74062e-09 9.73202e-09 9.72316e-09 9.71402e-09 9.70461e-09 9.69492e-09 9.68497e-09 9.67475e-09 9.66425e-09 9.65349e-09 9.64247e-09 9.63117e-09 9.61962e-09 9.60779e-09 9.59571e-09 9.58336e-09 9.57075e-09 9.55788e-09 9.54476e-09 9.53137e-09 9.51773e-09 9.50383e-09 9.48968e-09 9.47527e-09 9.46062e-09 9.44571e-09 0.0 0.0 0.0 0.0 0.0 0.0 0.0 0.0 0.0 0.0 0.0 0.0 0.0 0.0 0.0
0.0 0.0 0.0 0.0 0.0 0.0 0.0 0.0 0.0 0.0 0.0 0.0 0.0 0.0 9.8345e-09 9.83891e-09 9.84304e-09 9.84688e-09 9.85045e-09 9.85372e-09 9.85672e-09 9.85943e-09 9.86185e-09 9.86399e-09 9.86585e-09 9.86742e-09 9.8687e-09 9.8697e-09 9.87042e-09 9.87085e-09 9.87099e-09 9.87085e-09 9.87042e-09 9.8697e-09 9.8687e-09 9.86742e-09 9.86585e-09 9.86399e-09 9.86185e-09 9.85943e-09 9.85672e-09 9.85372e-09 9.85045e-09 9.84688e-09 9.84304e-09 9.83891e-09 9.8345e-09 9.8298e-09 9.82483e-09 9.81957e-09 9.81403e-09 9.80821e-09 9.80211e-09 9.79573e-09 9.78907e-09 9.78214e-09 9.77492e-09 9.76743e-09 9.75966e-09 9.75161e-09 9.74329e-09 9.7347e-09 9.72583e-09 9.71669e-09 9.70727e-09 9.69759e-09 9.68763e-09 9.67741e-09 9.66691e-09 9.65615e-09 9.64512e-09 9.63382e-09 9.62226e-09 9.61043e-09 9.59835e-09 9.58599e-09 9.57338e-09 9.56051e-09 9.54738e-09 9.53399e-09 9.52034e-09 9.50644e-09 9.49229e-09 9.47788e-09 9.46322e-09 9.44831e-09 9.43315e-09 0.0 0.0 0.0 0.0 0.0 0.0 0.0 0.0 0.0 0.0 0.0 0.0 0.0 0.0
0.0 0.0 0.0 0.0 0.0 0.0 0.0 0.0 0.0 0.0 0.0 0.0 0.0 0.0 9.83692e-09 9.84133e-09 9.84546e-09 9.84931e-09 9.85287e-09 9.85615e-09 9.85914e-09 9.86185e-09 9.86428e-09 9.86642e-09 9.86828e-09 9.86985e-09 9.87113e-09 9.87213e-09 9.87285e-09 9.87327e-09 9.87342e-09 9.87327e-09 9.87285e-09 9.87213e-09 9.87113e-09 9.86985e-09 9.86828e-09 9.86642e-09 9.86428e-09 9.86185e-09 9.85914e-09 9.85615e-09 9.85287e-09 9.84931e-09 9.84546e-09 9.84133e-09 9.83692e-09 9.83222e-09 9.82724e-09 9.82198e-09 9.81644e-09 9.81062e-09 9.80452e-09 9.79814e-09 9.79148e-09 9.78454e-09 9.77732e-09 9.76983e-09 9.76206e-09 9.75401e-09 9.74569e-09 9.73709e-09 9.72822e-09 9.71908e-09 9.70966e-09 9.69997e-09 9.69002e-09 9.67979e-09 9.66929e-09 9.65852e-09 9.64749e-09 9.63619e-09 9.62463e-09 9.6128e-09 9.60071e-09 9.58835e-09 9.57574e-09 9.56286e-09 9.54973e-09 9.53634e-09 9.52269e-09 9.50878e-09 9.49462e-09 9.48021e-09 9.46555e-09 9.45063e-09 9.43547e-09 0.0 0.0 0.0 0.0 0.0 0.0 0.0 0.0 0.0 0.0 0.0 0.0 0.0 0.0
0.0 0.0 0.0 0.0 0.0 0.0 0.0 0.0 0.0 0.0 0.0 0.0 0.0 9.83435e-09 9.83905e-09 9.84346e-09 9.8476e-09 9.85144e-09 9.85501e-09 9.85829e-09 9.86128e-09 9.86399e-09 9.86642e-09 9.86856e-09 9.87042e-09 9.87199e-09 9.87327e-09 9.87427e-09 9.87499e-09 9.87542e-09 9.87556e-09 9.87542e-09 9.87499e-09 9.87427e-09 9.87327e-09 9.87199e-09 9.87042e-09 9.86856e-09 9.86642e-09 9.86399e-09 9.86128e-09 9.85829e-09 9.85501e-09 9.85144e-09 9.8476e-09 9.84346e-09 9.83905e-09 9.83435e-09 9.82938e-09 9.82412e-09 9.81857e-09 9.81275e-09 9.80665e-09 9.80027e-09 9.79361e-09 9.78667e-09 9.77945e-09 9.77195e-09 9.76418e-09 9.75613e-09 9.74781e-09 9.73921e-09 9.73033e-09 9.72119e-09 9.71177e-09 9.70208e-09 9.69212e-09 9.68189e-09 9.67139e-09 9.66062e-09 9.64958e-09 9.63828e-09 9.62672e-09 9.61488e-09 9.60279e-09 9.59043e-09 9.57782e-09 9.56494e-09 9.5518e-09 9.53841e-09 9.52475e-09 9.51085e-09 9.49668e-09 9.48227e-09 9.4676e-09 9.45268e-09 9.43751e-09 9.4221e-09 0.0 0.0 0.0 0.0 0.0 0.0 0.0 0.0 0.0 0.0 0.0 0.0 0.0
0.0 0.0 0.0 0.0 0.0 0.0 0.0 0.0 0.0 0.0 0.0 0.0 9.83123e-09 9.8362e-09 9.8409e-09 9.84532e-09 9.84945e-09 9.8533e-09 9.85686e-09 9.86014e-09 9.86314e-09 9.86585e-09 9.86828e-09 9.87042e-09 9.87227e-09 9.87385e-09 9.87513e-09 9.87613e-09 9.87685e-09 9.87727e-09 9.87742e-09 9.87727e-09 9.87685e-09 9.87613e-09 9.87513e-09 9.87385e-09 9.87227e-09 9.87042e-09 9.86828e-09 9.86585e-09 9.86314e-09 9.86014e-09 9.85686e-09 9.8533e-09 9.84945e-09 9.84532e-09 9.8409e-09 9.8362e-09 9.83123e-09 9.82596e-09 9.82042e-09 9.8146e-09 9.80849e-09 9.80211e-09 9.79545e-09 9.78851e-09 9.78129e-09 9.77379e-09 9.76601e-09 9.75796e-09 9.74964e-09 9.74104e-09 9.73216e-09 9.72302e-09 9.7136e-09 9.7039e-09 9.69394e-09 9.68371e-09 9.67321e-09 9.66244e-09 9.6514e-09 9.6401e-09 9.62853e-09 9.61669e-09 9.6046e-09 9.59224e-09 9.57962e-09 9.56674e-09 9.5536e-09 9.5402e-09 9.52654e-09 9.51263e-09 9.49847e-09 9.48405e-09 9.46938e-09 9.45446e-09 9.43929e-09 9.42387e-09 9.4082e-09 0.0 0.0 0.0 0.0 0.0 0.0 0.0 0.0 0.0 0.0 0.0 0.0
0.0 0.0 0.0 0.0 0.0 0.0 0.0 0.0 0.0 0.0 0.0 9.82753e-09 9.83279e-09 9.83777e-09 9.84247e-09 9.84688e-09 9.85102e-09 9.85486e-09 9.85843e-09 9.86171e-09 9.86471e-09 9.86742e-09 9.86985e-09 9.87199e-09 9.87385e-09 9.87542e-09 9.8767e-09 9.8777e-09 9.87842e-09 9.87885e-09 9.87899e-09 9.87885e-09 9.87842e-09 9.8777e-09 9.8767e-09 9.87542e-09 9.87385e-09 9.87199e-09 9.86985e-09 9.86742e-09 9.86471e-09 9.86171e-09 9.85843e-09 9.85486e-09 9.85102e-09 9.84688e-09 9.84247e-09 9.83777e-09 9.83279e-09 9.82753e-09 9.82198e-09 9.81616e-09 9.81006e-09 9.80367e-09 9.79701e-09 9.79006e-09 9.78284e-09 9.77534e-09 9.76757e-09 9.75952e-09 9.75119e-09 9.74259e-09 9.73371e-09 9.72456e-09 9.71514e-09 9.70545e-09 9.69548e-09 9.68525e-09 9.67475e-09 9.66397e-09 9.65294e-09 9.64163e-09 9.63006e-09 9.61822e-09 9.60613e-09 9.59376e-09 9.58114e-09 9.56826e-09 9.55512e-09 9.54172e-09 9.52806e-09 9.51415e-09 9.49998e-09 9.48556e-09 9.47089e-09 9.45596e-09 9.44079e-09 9.42537e-09 9.4097e-09 0.0 0.0 0.0 0.0 0.0 0.0 0.0 0.0 0.0 0.0 0.0 0.0
0.0 0.0 0.0 0.0 0.0 0.0 0.0 0.0 0.0 0.0 0.0 9.82881e-09 9.83407e-09 9.83905e-09 9.84375e-09 9.84817e-09 9.8523e-09 9.85615e-09 9.85971e-09 9.86299e-09 9.86599e-09 9.8687e-09 9.87113e-09 9.87327e-09 9.87513e-09 9.8767e-09 9.87799e-09 9.87899e-09 9.8797e-09 9.88013e-09 9.88028e-09 9.88013e-09 9.8797e-09 9.87899e-09 9.87799e-09 9.8767e-09 9.87513e-09 9.87327e-09 9.87113e-09 9.8687e-09 9.86599e-09 9.86299e-09 9.85971e-09 9.85615e-09 9.8523e-09 9.84817e-09 9.84375e-09 9.83905e-09 9.83407e-09 9.82881e-09 9.82326e-09 9.81744e-09 9.81133e-09 9.80495e-09 9.79828e-09 9.79134e-09 9.78412e-09 9.77662e-09 9.76884e-09 9.76079e-09 9.75246e-09 9.74386e-09 9.73498e-09 9.72583e-09 9.71641e-09 9.70671e-09 9.69675e-09 9.68651e-09 9.67601e-09 9.66523e-09 9.65419e-09 9.64289e-09 9.63131e-09 9.61948e-09 9.60738e-09 9.59501e-09 9.58239e-09 9.56951e-09 9.55636e-09 9.54296e-09 9.5293e-09 9.51539e-09 9.50122e-09 9.4868e-09 9.47212e-09 9.4572e-09 9.44202e-09 9.4266e-09 9.41093e-09 9.39501e-09 0.0 0.0 0.0 0.0 0.0 0.0 0.0 0.0 0.0 0.0 0.0
0.0 0.0 0.0 0.0 0.0 0.0 0.0 0.0 0.0 0.0 9.82426e-09 9.8298e-09 9.83507e-09 9.84005e-09 9.84475e-09 9.84916e-09 9.8533e-09 9.85715e-09 9.86071e-09 9.86399e-09 9.86699e-09 9.8697e-09 9.87213e-09 9.87427e-09 9.87613e-09 9.8777e-09 9.87899e-09 9.87999e-09 9.8807e-09 9.88113e-09 9.88128e-09 9.88113e-09 9.8807e-09 9.87999e-09 9.87899e-09 9.8777e-09 9.87613e-09 9.87427e-09 9.87213e-09 9.8697e-09 9.86699e-09 9.86399e-09 9.86071e-09 9.85715e-09 9.8533e-09 9.84916e-09 9.84475e-09 9.84005e-09 9.83507e-09 9.8298e-09 9.82426e-09 9.81843e-09 9.81233e-09 9.80594e-09 9.79927e-09 9.79233e-09 9.78511e-09 9.77761e-09 9.76983e-09 9.76178e-09 9.75345e-09 9.74484e-09 9.73597e-09 9.72681e-09 9.71739e-09 9.7077e-09 9.69773e-09 9.68749e-09 9.67699e-09 9.66621e-09 9.65517e-09 9.64386e-09 9.63229e-09 9.62045e-09 9.60835e-09 9.59599e-09 9.58336e-09 9.57047e-09 9.55733e-09 9.54393e-09 9.53027e-09 9.51635e-09 9.50218e-09 9.48776e-09 9.47308e-09 9.45815e-09 9.44298e-09 9.42755e-09 9.41188e-09 9.39596e-09 9.3798e-09 0.0 0.0 0.0 0.0 0.0 0.0 0.0 0.0 0.0 0.0
0.0 0.0 0.0 0.0 0.0 0.0 0.0 0.0 0.0 0.0 9.82497e-09 9.83051e-09 9.83578e-09 9.84076e-09 9.84546e-09 9.84988e-09 9.85401e-09 9.85786e-09 9.86143e-09 9.86471e-09 9.8677e-09 9.87042e-09 9.87285e-09 9.87499e-09 9.87685e-09 9.87842e-09 9.8797e-09 9.8807e-09 9.88142e-09 9.88185e-09 9.88199e-09 9.88185e-09 9.88142e-09 9.8807e-09 9.8797e-09 9.87842e-09 9.87685e-09 9.87499e-09 9.87285e-09 9.87042e-09 9.8677e-09 9.86471e-09 9.86143e-09 9.85786e-09 9.85401e-09 9.84988e-09 9.84546e-09 9.84076e-09 9.83578e-09 9.83051e-09 9.82497e-09 9.81914e-09 9.81304e-09 9.80665e-09 9.79998e-09 9.79304e-09 9.78582e-09 9.77831e-09 9.77054e-09 9.76248e-09 9.75415e-09 9.74555e-09 9.73667e-09 9.72752e-09 9.71809e-09 9.7084e-09 9.69843e-09 9.68819e-09 9.67769e-09 9.66691e-09 9.65587e-09 9.64456e-09 9.63299e-09 9.62115e-09 9.60904e-09 9.59668e-09 9.58405e-09 9.57117e-09 9.55802e-09 9.54462e-09 9.53096e-09 9.51704e-09 9.50287e-09 9.48844e-09 9.47377e-09 9.45884e-09 9.44366e-09 9.42823e-09 9.41256e-09 9.39664e-09 9.38048e-09 0.0 0.0 0.0 0.0 0.0 0.0 0.0 0.0 0.0 0.0
0.0 0.0 0.0 0.0 0.0 0.0 0.0 0.0 0.0 9.81957e-09 9.8254e-09 9.83094e-09 9.8362e-09 9.84119e-09 9.84589e-09 9.8503e-09 9.85444e-09 9.85829e-09 9.86185e-09 9.86514e-09 9.86813e-09 9.87085e-09 9.87327e-09 9.87542e-09 9.87727e-09 9.87885e-09 9.88013e-09 9.88113e-09 9.88185e-09 9.88228e-09 9.88242e-09 9.88228e-09 9.88185e-09 9.88113e-09 9.88013e-09 9.87885e-09 9.87727e-09 9.87542e-09 9.87327e-09 9.87085e-09 9.86813e-09 9.86514e-09 9.86185e-09 9.85829e-09 9.85444e-09 9.8503e-09 9.84589e-09 9.84119e-09 9.8362e-09 9.83094e-09 9.8254e-09 9.81957e-09 9.81346e-09 9.80708e-09 9.80041e-09 9.79346e-09 9.78624e-09 9.77874e-09 9.77096e-09 9.76291e-09 9.75458e-09 9.74597e-09 9.73709e-09 9.72794e-09 9.71852e-09 9.70882e-09 9.69885e-09 9.68861e-09 9.67811e-09 9.66733e-09 9.65629e-09 9.64498e-09 9.6334e-09 9.62156e-09 9.60946e-09 9.5971e-09 9.58447e-09 9.57158e-09 9.55844e-09 9.54503e-09 9.53137e-09 9.51745e-09 9.50328e-09 9.48886e-09 9.47418e-09 9.45925e-09 9.44407e-09 9.42864e-09 9.41297e-09 9.39705e-09 9.38088e-09 9.36448e-09 0.0 0.0 0.0 0.0 0.0 0.0 0.0 0.0 0.0
0.0 0.0 0.0 0.0 0.0 0.0 0.0 0.0 0.0 9.81971e-09 9.82554e-09 9.83108e-09 9.83635e-09 9.84133e-09 9.84603e-09 9.85045e-09 9.85458e-09 9.85843e-09 9.862e-09 9.86528e-09 9.86828e-09 9.87099e-09 9.87342e-09 9.87556e-09 9.87742e-09 9.87899e-09 9.88028e-09 9.88128e-09 9.88199e-09 9.88242e-09 9.88256e-09 9.88242e-09 9.88199e-09 9.88128e-09 9.88028e-09 9.87899e-09 9.87742e-09 9.87556e-09 9.87342e-09 9.87099e-09 9.86828e-09 9.86528e-09 9.862e-09 9.85843e-09 9.85458e-09 9.85045e-09 9.84603e-09 9.84133e-09 9.83635e-09 9.83108e-09 9.82554e-09 9.81971e-09 9.8136e-09 9.80722e-09 9.80055e-09 9.79361e-09 9.78638e-09 9.77888e-09 9.7711e-09 9.76305e-09 9.75472e-09 9.74611e-09 9.73723e-09 9.72808e-09 9.71866e-09 9.70896e-09 9.69899e-09 9.68875e-09 9.67825e-09 9.66747e-09 9.65643e-09 9.64512e-09 9.63354e-09 9.6217e-09 9.6096e-09 9.59723e-09 9.58461e-09 9.57172e-09 9.55857e-09 9.54517e-09 9.53151e-09 9.51759e-09 9.50342e-09 9.48899e-09 9.47431e-09 9.45939e-09 9.44421e-09 9.42878e-09 9.41311e-09 9.39719e-09 9.38102e-09 9.36461e-09 0.0 0.0 0.0 0.0 0.0 0.0 0.0 0.0 0.0
0.0 0.0 0.0 0.0 0.0 0.0 0.0 0.0 9.81346e-09 9.81957e-09 9.8254e-09 9.83094e-09 9.8362e-09 9.84119e-09 9.84589e-09 9.8503e-09 9.85444e-09 9.85829e-09 9.86185e-09 9.86514e-09 9.86813e-09 9.87085e-09 9.87327e-09 9.87542e-09 9.87727e-09 9.87885e-09 9.88013e-09 9.88113e-09 9.88185e-09 9.88228e-09 9.88242e-09 9.88228e-09 9.88185e-09 9.88113e-09 9.88013e-09 9.87885e-09 9.87727e-09 9.87542e-09 9.87327e-09 9.87085e-09 9.86813e-09 9.86514e-09 9.86185e-09 9.85829e-09 9.85444e-09 9.8503e-09 9.84589e-09 9.84119e-09 9.8362e-09 9.83094e-09 9.8254e-09 9.81957e-09 9.81346e-09 9.80708e-09 9.80041e-09 9.79346e-09 9.78624e-09 9.77874e-09 9.77096e-09 9.76291e-09 9.75458e-09 9.74597e-09 9.73709e-09 9.72794e-09 9.71852e-09 9.70882e-09 9.69885e-09 9.68861e-09 9.67811e-09 9.66733e-09 9.65629e-09 9.64498e-09 9.6334e-09 9.62156e-09 9.60946e-09 9.5971e-09 9.58447e-09 9.57158e-09 9.55844e-09 9.54503e-09 9.53137e-09 9.51745e-09 9.50328e-09 9.48886e-09 9.47418e-09 9.45925e-09 9.44407e-09 9.42864e-09 9.41297e-09 9.39705e-09 9.38088e-09 9.36448e-09 9.34783e-09 0.0 0.0 0.0 0.0 0.0 0.0 0.0 0.0
0.0 0.0 0.0 0.0 0.0 0.0 0.0 0.0 9.81304e-09 9.81914e-09 9.82497e-09 9.83051e-09 9.83578e-09 9.84076e-09 9.84546e-09 9.84988e-09 9.85401e-09 9.85786e-09 9.86143e-09 9.86471e-09 9.8677e-09 9.87042e-09 9.87285e-09 9.87499e-09 9.87685e-09 9.87842e-09 9.8797e-09 9.8807e-09 9.88142e-09 9.88185e-09 9.88199e-09 9.88185e-09 9.88142e-09 9.8807e-09 9.8797e-09 9.87842e-09 9.87685e-09 9.87499e-09 9.87285e-09 9.87042e-09 9.8677e-09 9.86471e-09 9.86143e-09 9.85786e-09 9.85401e-09 9.84988e-09 9.84546e-09 9.84076e-09 9.83578e-09 9.83051e-09 9.82497e-09 9.81914e-09 9.81304e-09 9.80665e-09 9.79998e-09 9.79304e-09 9.78582e-09 9.77831e-09 9.77054e-09 9.76248e-09 9.75415e-09 9.74555e-09 9.73667e-09 9.72752e-09 9.71809e-09 9.7084e-09 9.69843e-09 9.68819e-09 9.67769e-09 9.66691e-09 9.65587e-09 9.64456e-09 9.63299e-09 9.62115e-09 9.60904e-09 9.59668e-09 9.58405e-09 9.57117e-09 9.55802e-09 9.54462e-09 9.53096e-09 9.51704e-09 9.50287e-09 9.48844e-09 9.47377e-09 9.45884e-09 9.44366e-09 9.42823e-09 9.41256e-09 9.39664e-09 9.38048e-09 9.36407e-09 9.34742e-09 0.0 0.0 0.0 0.0 0.0 0.0 0.0 0.0
0.0 0.0 0.0 0.0 0.0 0.0 0.0 9.80594e-09 9.81233e-09 9.81843e-09 9.82426e-09 9.8298e-09 9.83507e-09 9.84005e-09 9.84475e-09 9.84916e-09 9.8533e-09 9.85715e-09 9.86071e-09 9.86399e-09 9.86699e-09 9.8697e-09 9.87213e-09 9.87427e-09 9.87613e-09 9.8777e-09 9.87899e-09 9.87999e-09 9.8807e-09 9.88113e-09 9.88128e-09 9.88113e-09 9.8807e-09 9.87999e-09 9.87899e-09 9.8777e-09 9.87613e-09 9.87427e-09 9.87213e-09 9.8697e-09 9.86699e-09 9.86399e-09 9.86071e-09 9.85715e-09 9.8533e-09 9.84916e-09 9.84475e-09 9.84005e-09 9.83507e-09 9.8298e-09 9.82426e-09 9.81843e-09 9.81233e-09 9.80594e-09 9.79927e-09 9.79233e-09 9.78511e-09 9.77761e-09 9.76983e-09 9.76178e-09 9.75345e-09 9.74484e-09 9.73597e-09 9.72681e-09 9.71739e-09 9.7077e-09 9.69773e-09 9.68749e-09 9.67699e-09 9.66621e-09 9.65517e-09 9.64386e-09 9.63229e-09 9.62045e-09 9.60835e-09 9.59599e-09 9.58336e-09 9.57047e-09 9.55733e-09 9.54393e-09 9.53027e-09 9.51635e-09 9.50218e-09 9.48776e-09 9.47308e-09 9.45815e-09 9.44298e-09 9.42755e-09 9.41188e-09 9.39596e-09 9.3798e-09 9.36339e-09 9.34675e-09 9.32986e-09 0.0 0.0 0.0 0.0 0.0 0.0 0.0
0.0 0.0 0.0 0.0 0.0 0.0 0.0 9.80495e-09 9.81133e-09 9.81744e-09 9.82326e-09 9.82881e-09 9.83407e-09 9.83905e-09 9.84375e-09 9.84817e-09 9.8523e-09 9.85615e-09 9.85971e-09 9.86299e-09 9.86599e-09 9.8687e-09 9.87113e-09 9.87327e-09 9.87513e-09 9.8767e-09 9.87799e-09 9.87899e-09 9.8797e-09 9.88013e-09 9.88028e-09 9.88013e-09 9.8797e-09 9.87899e-09 9.87799e-09 9.8767e-09 9.87513e-09 9.87327e-09 9.87113e-09 9.8687e-09 9.86599e-09 9.86299e-09 9.85971e-09 9.85615e-09 9.8523e-09 9.84817e-09 9.84375e-09 9.83905e-09 9.83407e-09 9.82881e-09 9.82326e-09 9.81744e-09 9.81133e-09 9.80495e-09 9.79828e-09 9.79134e-09 9.78412e-09 9.77662e-09 9.76884e-09 9.76079e-09 9.75246e-09 9.74386e-09 9.73498e-09 9.72583e-09 9.71641e-09 9.70671e-09 9.69675e-09 9.68651e-09 9.67601e-09 9.66523e-09 9.65419e-09 9.64289e-09 9.63131e-09 9.61948e-09 9.60738e-09 9.59501e-09 9.58239e-09 9.56951e-09 9.55636e-09 9.54296e-09 9.5293e-09 9.51539e-09 9.50122e-09 9.4868e-09 9.47212e-09 9.4572e-09 9.44202e-09 9.4266e-09 9.41093e-09 9.39501e-09 9.37885e-09 9.36245e-09 9.3458e-09 9.32891e-09 0.0 0.0 0.0 0.0 0.0 0.0 0.0
0.0 0.0 0.0 0.0 0.0 0.0 0.0 9.80367e-09 9.81006e-09 9.81616e-09 9.82198e-09 9.82753e-09 9.83279e-09 9.83777e-09 9.84247e-09 9.84688e-09 9.85102e-09 9.85486e-09 9.85843e-09 9.86171e-09 9.86471e-09 9.86742e-09 9.86985e-09 9.87199e-09 9.87385e-09 9.87542e-09 9.8767e-09 9.8777e-09 9.87842e-09 9.87885e-09 9.87899e-09 9.87885e-09 9.87842e-09 9.8777e-09 9.8767e-09 9.87542e-09 9.87385e-09 9.87199e-09 9.86985e-09 9.86742e-09 9.86471e-09 9.86171e-09 9.85843e-09 9.85486e-09 9.85102e-09 9.84688e-09 9.84247e-09 9.83777e-09 9.83279e-09 9.82753e-09 9.82198e-09 9.81616e-09 9.81006e-09 9.80367e-09 9.79701e-09 9.79006e-09 9.78284e-09 9.77534e-09 9.76757e-09 9.75952e-09 9.75119e-09 9.74259e-09 9.73371e-09 9.72456e-09 9.71514e-09 9.70545e-09 9.69548e-09 9.68525e-09 9.67475e-09 9.66397e-09 9.65294e-09 9.64163e-09 9.63006e-09 9.61822e-09 9.60613e-09 9.59376e-09 9.58114e-09 9.56826e-09 9.55512e-09 9.54172e-09 9.52806e-09 9.51415e-09 9.49998e-09 9.48556e-09 9.47089e-09 9.45596e-09 9.44079e-09 9.42537e-09 9.4097e-09 9.39379e-09 9.37763e-09 9.36123e-09 9.34458e-09 9.3277e-09 0.0 0.0 0.0 0.0 0.0 0.0 0.0
0.0 0.0 0.0 0.0 0.0 0.0 9.79545e-09 9.80211e-09 9.80849e-09 9.8146e-09 9.82042e-09 9.82596e-09 9.83123e-09 9.8362e-09 9.8409e-09 9.84532e-09 9.84945e-09 9.8533e-09 9.85686e-09 9.86014e-09 9.86314e-09 9.86585e-09 9.86828e-09 9.87042e-09 9.87227e-09 9.87385e-09 9.87513e-09 9.87613e-09 9.87685e-09 9.87727e-09 9.87742e-09 9.87727e-09 9.87685e-09 9.87613e-09 9.87513e-09 9.87385e-09 9.87227e-09 9.87042e-09 9.86828e-09 9.86585e-09 9.86314e-09 9.86014e-09 9.85686e-09 9.8533e-09 9.84945e-09 9.84532e-09 9.8409e-09 9.8362e-09 9.83123e-09 9.82596e-09 9.82042e-09 9.8146e-09 9.80849e-09 9.80211e-09 9.79545e-09 9.78851e-09 9.78129e-09 9.77379e-09 9.76601e-09 9.75796e-09 9.74964e-09 9.74104e-09 9.73216e-09 9.72302e-09 9.7136e-09 9.7039e-09 9.69394e-09 9.68371e-09 9.67321e-09 9.66244e-09 9.6514e-09 9.6401e-09 9.62853e-09 9.61669e-09 9.6046e-09 9.59224e-09 9.57962e-09 9.56674e-09 9.5536e-09 9.5402e-09 9.52654e-09 9.51263e-09 9.49847e-09 9.48405e-09 9.46938e-09 9.45446e-09 9.43929e-09 9.42387e-09 9.4082e-09 9.39229e-09 9.37614e-09 9.35974e-09 9.3431e-09 9.32621e-09 9.30909e-09 0.0 0.0 0.0 0.0 0.0 0.0
0.0 0.0 0.0 0.0 0.0 0.0 9.79361e-09 9.80027e-09 9.80665e-09 9.81275e-09 9.81857e-09 9.82412e-09 9.82938e-09 9.83435e-09 9.83905e-09 9.84346e-09 9.8476e-09 9.85144e-09 9.85501e-09 9.85829e-09 9.86128e-09 9.86399e-09 9.86642e-09 9.86856e-09 9.87042e-09 9.87199e-09 9.87327e-09 9.87427e-09 9.87499e-09 9.87542e-09 9.87556e-09 9.87542e-09 9.87499e-09 9.87427e-09 9.87327e-09 9.87199e-09 9.87042e-09 9.86856e-09 9.86642e-09 9.86399e-09 9.86128e-09 9.85829e-09 9.85501e-09 9.85144e-09 9.8476e-09 9.84346e-09 9.83905e-09 9.83435e-09 9.82938e-09 9.82412e-09 9.81857e-09 9.81275e-09 9.80665e-09 9.80027e-09 9.79361e-09 9.78667e-09 9.77945e-09 9.77195e-09 9.76418e-09 9.75613e-09 9.74781e-09 9.73921e-09 9.73033e-09 9.72119e-09 9.71177e-09 9.70208e-09 9.69212e-09 9.68189e-09 9.67139e-09 9.66062e-09 9.64958e-09 9.63828e-09 9.62672e-09 9.61488e-09 9.60279e-09 9.59043e-09 9.57782e-09 9.56494e-09 9.5518e-09 9.53841e-09 9.52475e-09 9.51085e-09 9.49668e-09 9.48227e-09 9.4676e-09 9.45268e-09 9.43751e-09 9.4221e-09 9.40643e-09 9.39053e-09 9.37437e-09 9.35798e-09 9.34134e-09 9.32446e-09 9.30734e-09 0.0 0.0 0.0 0.0 0.0 0.0
0.0 0.0 0.0 0.0 0.0 0.0 9.79148e-09 9.79814e-09 9.80452e-09 9.81062e-09 9.81644e-09 9.82198e-09 9.82724e-09 9.83222e-09 9.83692e-09 9.84133e-09 9.84546e-09 9.84931e-09 9.85287e-09 9.85615e-09 9.85914e-09 9.86185e-09 9.86428e-09 9.86642e-09 9.86828e-09 9.86985e-09 9.87113e-09 9.87213e-09 9.87285e-09 9.87327e-09 9.87342e-09 9.87327e-09 9.87285e-09 9.87213e-09 9.87113e-09 9.86985e-09 9.86828e-09 9.86642e-09 9.86428e-09 9.86185e-09 9.85914e-09 9.85615e-09 9.85287e-09 9.84931e-09 9.84546e-09 9.84133e-09 9.83692e-09 9.83222e-09 9.82724e-09 9.82198e-09 9.81644e-09 9.81062e-09 9.80452e-09 9.79814e-09 9.79148e-09 9.78454e-09 9.77732e-09 9.76983e-09 9.76206e-09 9.75401e-09 9.74569e-09 9.73709e-09 9.72822e-09 9.71908e-09 9.70966e-09 9.69997e-09 9.69002e-09 9.67979e-09 9.66929e-09 9.65852e-09 9.64749e-09 9.63619e-09 9.62463e-09 9.6128e-09 9.60071e-09 9.58835e-09 9.57574e-09 9.56286e-09 9.54973e-09 9.53634e-09 9.52269e-09 9.50878e-09 9.49462e-09 9.48021e-09 9.46555e-09 9.45063e-09 9.43547e-09 9.42005e-09 9.40439e-09 9.38849e-09 9.37234e-09 9.35595e-09 9.33931e-09 9.32244e-09 9.30532e-09 0.0 0.0 0.0 0.0 0.0 0.0
0.0 0.0 0.0 0.0 0.0 0.0 9.78907e-09 9.79573e-09 9.80211e-09 9.80821e-09 9.81403e-09 9.81957e-09 9.82483e-09 9.8298e-09 9.8345e-09 9.83891e-09 9.84304e-09 9.84688e-09 9.85045e-09 9.85372e-09 9.85672e-09 9.85943e-09 9.86185e-09 9.86399e-09 9.86585e-09 9.86742e-09 9.8687e-09 9.8697e-09 9.87042e-09 9.87085e-09 9.87099e-09 9.87085e-09 9.87042e-09 9.8697e-09 9.8687e-09 9.86742e-09 9.86585e-09 9.86399e-09 9.86185e-09 9.85943e-09 9.85672e-09 9.85372e-09 9.85045e-09 9.84688e-09 9.84304e-09 9.83891e-09 9.8345e-09 9.8298e-09 9.82483e-09 9.81957e-09 9.81403e-09 9.80821e-09 9.80211e-09 9.79573e-09 9.78907e-09 9.78214e-09 9.77492e-09 9.76743e-09 9.75966e-09 9.75161e-09 9.74329e-09 9.7347e-09 9.72583e-09 9.71669e-09 9.70727e-09 9.69759e-09 9.68763e-09 9.67741e-09 9.66691e-09 9.65615e-09 9.64512e-09 9.63382e-09 9.62226e-09 9.61043e-09 9.59835e-09 9.58599e-09 9.57338e-09 9.56051e-09 9.54738e-09 9.53399e-09 9.52034e-09 9.50644e-09 9.49229e-09 9.47788e-09 9.46322e-09 9.44831e-09 9.43315e-09 9.41774e-09 9.40208e-09 9.38618e-09 9.37003e-09 9.35365e-09 9.33701e-09 9.32014e-09 9.30304e-09 0.0 0.0 0.0 0.0 0.0 0.0
0.0 0.0 0.0 0.0 0.0 9.77945e-09 9.78638e-09 9.79304e-09 9.79942e-09 9.80551e-09 9.81133e-09 9.81687e-09 9.82213e-09 9.8271e-09 9.83179e-09 9.8362e-09 9.84033e-09 9.84418e-09 9.84774e-09 9.85102e-09 9.85401e-09 9.85672e-09 9.85914e-09 9.86128e-09 9.86314e-09 9.86471e-09 9.86599e-09 9.86699e-09 9.8677e-09 9.86813e-09 9.86828e-09 9.86813e-09 9.8677e-09 9.86699e-09 9.86599e-09 9.86471e-09 9.86314e-09 9.86128e-09 9.85914e-09 9.85672e-09 9.85401e-09 9.85102e-09 9.84774e-09 9.84418e-09 9.84033e-09 9.8362e-09 9.83179e-09 9.8271e-09 9.82213e-09 9.81687e-09 9.81133e-09 9.80551e-09 9.79942e-09 9.79304e-09 9.78638e-09 9.77945e-09 9.77223e-09 9.76474e-09 9.75698e-09 9.74893e-09 9.74062e-09 9.73202e-09 9.72316e-09 9.71402e-09 9.70461e-09 9.69492e-09 9.68497e-09 9.67475e-09 9.66425e-09 9.65349e-09 9.64247e-09 9.63117e-09 9.61962e-09 9.60779e-09 9.59571e-09 9.58336e-09 9.57075e-09 9.55788e-09 9.54476e-09 9.53137e-09 9.51773e-09 9.50383e-09 9.48968e-09 9.47527e-09 9.46062e-09 9.44571e-09 9.43055e-09 9.41515e-09 9.3995e-09 9.3836e-09 9.36746e-09 9.35107e-09 9.33445e-09 9.31758e-09 9.30048e-09 9.28314e-09 0.0 0.0 0.0 0.0 0.0
0.0 0.0 0.0 0.0 0.0 9.77648e-09 9.78341e-09 9.79006e-09 9.79644e-09 9.80254e-09 9.80835e-09 9.81389e-09 9.81914e-09 9.82412e-09 9.82881e-09 9.83322e-09 9.83734e-09 9.84119e-09 9.84475e-09 9.84802e-09 9.85102e-09 9.85372e-09 9.85615e-09 9.85829e-09 9.86014e-09 9.86171e-09 9.86299e-09 9.86399e-09 9.86471e-09 9.86514e-09 9.86528e-09 9.86514e-09 9.86471e-09 9.86399e-09 9.86299e-09 9.86171e-09 9.86014e-09 9.85829e-09 9.85615e-09 9.85372e-09 9.85102e-09 9.84802e-09 9.84475e-09 9.84119e-09 9.83734e-09 9.83322e-09 9.82881e-09 9.82412e-09 9.81914e-09 9.81389e-09 9.80835e-09 9.80254e-09 9.79644e-09 9.79006e-09 9.78341e-09 9.77648e-09 9.76926e-09 9.76178e-09 9.75401e-09 9.74597e-09 9.73766e-09 9.72907e-09 9.7202e-09 9.71107e-09 9.70166e-09 9.69198e-09 9.68203e-09 9.67181e-09 9.66132e-09 9.65056e-09 9.63954e-09 9.62825e-09 9.61669e-09 9.60487e-09 9.59279e-09 9.58045e-09 9.56784e-09 9.55498e-09 9.54186e-09 9.52847e-09 9.51484e-09 9.50094e-09 9.4868e-09 9.4724e-09 9.45774e-09 9.44284e-09 9.42769e-09 9.41229e-09 9.39664e-09 9.38075e-09 9.36461e-09 9.34823e-09 9.33161e-09 9.31475e-09 9.29765e-09 9.28032e-09 0.0 0.0 0.0 0.0 0.0
0.0 0.0 0.0 0.0 0.0 9.77322e-09 9.78015e-09 9.78681e-09 9.79318e-09 9.79927e-09 9.80509e-09 9.81062e-09 9.81588e-09 9.82085e-09 9.82554e-09 9.82995e-09 9.83407e-09 9.83791e-09 9.84147e-09 9.84475e-09 9.84774e-09 9.85045e-09 9.85287e-09 9.85501e-09 9.85686e-09 9.85843e-09 9.85971e-09 9.86071e-09 9.86143e-09 9.86185e-09 9.862e-09 9.86185e-09 9.86143e-09 9.86071e-09 9.85971e-09 9.85843e-09 9.85686e-09 9.85501e-09 9.85287e-09 9.85045e-09 9.84774e-09 9.84475e-09 9.84147e-09 9.83791e-09 9.83407e-09 9.82995e-09 9.82554e-09 9.82085e-09 9.81588e-09 9.81062e-09 9.80509e-09 9.79927e-09 9.79318e-09 9.78681e-09 9.78015e-09 9.77322e-09 9.76601e-09 9.75853e-09 9.75077e-09 9.74273e-09 9.73442e-09 9.72583e-09 9.71697e-09 9.70784e-09 9.69843e-09 9.68875e-09 9.67881e-09 9.66859e-09 9.6581e-09 9.64735e-09 9.63633e-09 9.62504e-09 9.61349e-09 9.60168e-09 9.5896e-09 9.57726e-09 9.56466e-09 9.5518e-09 9.53868e-09 9.5253e-09 9.51167e-09 9.49778e-09 9.48364e-09 9.46924e-09 9.4546e-09 9.4397e-09 9.42455e-09 9.40916e-09 9.39352e-09 9.37763e-09 9.3615e-09 9.34512e-09 9.32851e-09 9.31165e-09 9.29456e-09 9.27723e-09 0.0 0.0 0.0 0.0 0.0
0.0 0.0 0.0 0.0 0.0 9.76969e-09 9.77662e-09 9.78327e-09 9.78964e-09 9.79573e-09 9.80154e-09 9.80708e-09 9.81233e-09 9.8173e-09 9.82198e-09 9.82639e-09 9.83051e-09 9.83435e-09 9.83791e-09 9.84119e-09 9.84418e-09 9.84688e-09 9.84931e-09 9.85144e-09 9.8533e-09 9.85486e-09 9.85615e-09 9.85715e-09 9.85786e-09 9.85829e-09 9.85843e-09 9.85829e-09 9.85786e-09 9.85715e-09 9.85615e-09 9.85486e-09 9.8533e-09 9.85144e-09 9.84931e-09 9.84688e-09 9.84418e-09 9.84119e-09 9.83791e-09 9.83435e-09 9.83051e-09 9.82639e-09 9.82198e-09 9.8173e-09 9.81233e-09 9.80708e-09 9.80154e-09 9.79573e-09 9.78964e-09 9.78327e-09 9.77662e-09 9.76969e-09 9.76248e-09 9.755e-09 9.74724e-09 9.73921e-09 9.7309e-09 9.72231e-09 9.71346e-09 9.70433e-09 9.69492e-09 9.68525e-09 9.67531e-09 9.66509e-09 9.65461e-09 9.64386e-09 9.63285e-09 9.62156e-09 9.61002e-09 9.59821e-09 9.58613e-09 9.5738e-09 9.5612e-09 9.54835e-09 9.53523e-09 9.52186e-09 9.50823e-09 9.49435e-09 9.48021e-09 9.46582e-09 9.45118e-09 9.43629e-09 9.42114e-09 9.40575e-09 9.39012e-09 9.37424e-09 9.35811e-09 9.34174e-09 9.32514e-09 9.30829e-09 9.2912e-09 9.27387e-09 0.0 0.0 0.0 0.0 0.0
