0.0 0.0 0.0 0.0 0.0 0.0 0.0 0.0 0.0 0.0 0.0 0.0 0.0 0.0 0.0 0.0 0.0 0.0 0.0 0.0 0.0 0.0 0.0 0.0 0.0 0.0 0.0 0.0 0.0 0.0 0.0 0.0 0.0 0.0 0.0 0.0 0.0 0.0 0.0 0.0 0.0 0.0 0.0 0.0 0.0 0.0 0.0 0.0 0.0 0.0 0.0 0.0 0.0 0.0 0.0 0.0 0.0 0.0 0.0 0.0 0.0 0.0 0.0 0.0 0.0 0.0 0.0 0.0 0.0 0.0 0.0 0.0 0.0 0.0 0.0 0.0 0.0 0.0 0.0 0.0 0.0 0.0 0.0 0.0 0.0 0.0 0.0 0.0 0.0 0.0 0.0 0.0 0.0 0.0 0.0 0.0 0.0 0.0 0.0 0.0 0.0
0.0 0.0 0.0 0.0 0.0 0.0 0.0 0.0 0.0 0.0 0.0 0.0 0.0 0.0 0.0 0.0 0.0 0.0 0.0 0.0 0.0 0.0 0.0 0.0 0.0 0.0 0.0 0.0 0.0 0.0 0.0 0.0 0.0 0.0 0.0 0.0 0.0 0.0 0.0 0.0 0.0 0.0 0.0 0.0 0.0 0.0 0.0 0.0 0.0 0.0 0.0 0.0 0.0 0.0 0.0 0.0 0.0 0.0 0.0 0.0 0.0 0.0 0.0 0.0 0.0 0.0 0.0 0.0 0.0 0.0 0.0 0.0 0.0 0.0 0.0 0.0 0.0 0.0 0.0 0.0 0.0 0.0 0.0 0.0 0.0 0.0 0.0 0.0 0.0 0.0 0.0 0.0 0.0 0.0 0.0 0.0 0.0 0.0 0.0 0.0 0.0
0.0 0.0 0.0 0.0 0.0 0.0 0.0 0.0 0.0 0.0 0.0 0.0 0.0 0.0 0.0 0.0 0.0 0.0 0.0 0.0 0.0 0.0 0.0 0.0 0.0 0.0 0.0 0.0 0.0 0.0 0.0 0.0 0.0 0.0 0.0 0.0 0.0 0.0 0.0 0.0 0.0 0.0 0.0 0.0 0.0 0.0 0.0 0.0 0.0 0.0 0.0 0.0 0.0 0.0 0.0 0.0 0.0 0.0 0.0 0.0 0.0 0.0 0.0 0.0 0.0 0.0 0.0 0.0 0.0 0.0 0.0 0.0 0.0 0.0 0.0 0.0 0.0 0.0 0.0 0.0 0.0 0.0 0.0 0.0 0.0 0.0 0.0 0.0 0.0 0.0 0.0 0.0 0.0 0.0 0.0 0.0 0.0 0.0 0.0 0.0 0.0
0.0 0.0 0.0 0.0 0.0 0.0 0.0 0.0 0.0 0.0 0.0 0.0 0.0 0.0 0.0 0.0 0.0 0.0 0.0 0.0 0.0 0.0 0.0 0.0 0.0 0.0 0.0 0.0 0.0 0.0 0.0 0.0 0.0 0.0 0.0 0.0 0.0 0.0 0.0 0.0 0.0 0.0 0.0 0.0 0.0 0.0 0.0 0.0 0.0 0.0 0.0 0.0 0.0 0.0 0.0 0.0 0.0 0.0 0.0 0.0 0.0 0.0 0.0 0.0 0.0 0.0 0.0 0.0 0.0 0.0 0.0 0.0 0.0 0.0 0.0 0.0 0.0 0.0 0.0 0.0 0.0 0.0 0.0 0.0 0.0 0.0 0.0 0.0 0.0 0.0 0.0 0.0 0.0 0.0 0.0 0.0 0.0 0.0 0.0 0.0 0.0
0.0 0.0 0.0 0.0 0.0 0.0 0.0 0.0 0.0 0.0 0.0 0.0 0.0 0.0 0.0 0.0 0.0 0.0 0.0 0.0 0.0 0.0 0.0 0.0 0.0 0.0 0.0 0.0 0.0 0.0 0.0 0.0 0.0 0.0 0.0 0.0 0.0 0.0 0.0 0.0 0.0 0.0 0.0 0.0 0.0 0.0 1.41397e-28 1.79767e-29 2.01693e-30 1.99703e-31 1.74498e-32 1.34559e-33 9.15683e-35 5.49911e-36 2.91442e-37 0.0 0.0 0.0 0.0 0.0 0.0 0.0 0.0 0.0 0.0 0.0 0.0 0.0 0.0 0.0 0.0 0.0 0.0 0.0 0.0 0.0 0.0 0.0 0.0 0.0 0.0 0.0 0.0 0.0 0.0 0.0 0.0 0.0 0.0 0.0 0.0 0.0 0.0 0.0 0.0 0.0 0.0 0.0 0.0 0.0 0.0
0.0 0.0 0.0 0.0 0.0 0.0 0.0 0.0 0.0 0.0 0.0 0.0 0.0 0.0 0.0 0.0 0.0 0.0 0.0 0.0 0.0 0.0 0.0 0.0 0.0 0.0 0.0 0.0 0.0 0.0 0.0 0.0 0.0 0.0 0.0 0.0 0.0 0.0 0.0 0.0 5.87661e-23 1.58167e-23 3.75679e-24 7.87466e-25 1.45666e-25 2.37794e-26 3.42575e-27 4.35535e-28 4.88657e-29 4.83836e-30 4.22771e-31 3.26006e-32 2.2185e-33 1.33231e-34 7.06099e-36 3.30247e-37 1.36309e-38 4.96506e-40 1.59602e-41 4.52755e-43 1.13345e-44 0.0 0.0 0.0 0.0 0.0 0.0 0.0 0.0 0.0 0.0 0.0 0.0 0.0 0.0 0.0 0.0 0.0 0.0 0.0 0.0 0.0 0.0 0.0 0.0 0.0 0.0 0.0 0.0 0.0 0.0 0.0 0.0 0.0 0.0 0.0 0.0 0.0 0.0 0.0 0.0
0.0 0.0 0.0 0.0 0.0 0.0 0.0 0.0 0.0 0.0 0.0 0.0 0.0 0.0 0.0 0.0 0.0 0.0 0.0 0.0 0.0 0.0 0.0 0.0 0.0 0.0 0.0 0.0 0.0 0.0 0.0 0.0 0.0 0.0 0.0 0.0 6.86011e-20 3.04416e-20 1.19211e-20 4.11982e-21 1.25647e-21 3.38175e-22 8.03237e-23 1.68368e-23 3.11449e-24 5.08426e-25 7.32457e-26 9.31215e-27 1.04479e-27 1.03449e-28 9.03924e-30 6.97031e-31 4.74336e-32 2.84861e-33 1.50971e-34 7.06099e-36 2.91442e-37 1.06158e-38 3.41243e-40 9.68033e-42 2.42342e-43 5.35404e-45 1.04387e-46 1.79608e-48 2.7272e-50 0.0 0.0 0.0 0.0 0.0 0.0 0.0 0.0 0.0 0.0 0.0 0.0 0.0 0.0 0.0 0.0 0.0 0.0 0.0 0.0 0.0 0.0 0.0 0.0 0.0 0.0 0.0 0.0 0.0 0.0 0.0 0.0 0.0 0.0 0.0 0.0
0.0 0.0 0.0 0.0 0.0 0.0 0.0 0.0 0.0 0.0 0.0 0.0 0.0 0.0 0.0 0.0 0.0 0.0 0.0 0.0 0.0 0.0 0.0 0.0 0.0 0.0 0.0 0.0 0.0 0.0 0.0 0.0 0.0 6.99751e-18 4.51793e-18 2.57424e-18 1.29441e-18 5.7439e-19 2.24934e-19 7.77353e-20 2.37079e-20 6.3809e-21 1.5156e-21 3.17686e-22 5.87661e-23 9.59329e-24 1.38205e-24 1.75707e-25 1.97138e-26 1.95193e-27 1.70558e-28 1.3152e-29 8.95006e-31 5.37493e-32 2.84861e-33 1.33231e-34 5.49911e-36 2.00305e-37 6.43879e-39 1.82654e-40 4.57266e-42 1.01023e-43 1.96964e-45 3.38895e-47 5.14586e-49 6.89545e-51 8.15419e-53 8.50966e-55 0.0 0.0 0.0 0.0 0.0 0.0 0.0 0.0 0.0 0.0 0.0 0.0 0.0 0.0 0.0 0.0 0.0 0.0 0.0 0.0 0.0 0.0 0.0 0.0 0.0 0.0 0.0 0.0 0.0 0.0 0.0 0.0 0.0
0.0 0.0 0.0 0.0 0.0 0.0 0.0 0.0 0.0 0.0 0.0 0.0 0.0 0.0 0.0 0.0 0.0 0.0 0.0 0.0 0.0 0.0 0.0 0.0 0.0 0.0 0.0 0.0 0.0 0.0 0.0 1.92107e-16 1.59262e-16 1.16519e-16 7.52303e-17 4.28649e-17 2.15538e-17 9.56446e-18 3.74549e-18 1.29441e-18 3.94772e-19 1.06252e-19 2.52369e-20 5.28995e-21 9.78543e-22 1.59743e-22 2.30131e-23 2.92579e-24 3.28264e-25 3.25026e-26 2.84004e-27 2.19001e-28 1.49032e-29 8.95006e-31 4.74336e-32 2.2185e-33 9.15683e-35 3.33538e-36 1.07215e-37 3.04147e-39 7.61417e-41 1.68219e-42 3.27975e-44 5.64312e-46 8.56862e-48 1.1482e-49 1.35779e-51 1.41699e-53 1.305e-55 1.06064e-57 0.0 0.0 0.0 0.0 0.0 0.0 0.0 0.0 0.0 0.0 0.0 0.0 0.0 0.0 0.0 0.0 0.0 0.0 0.0 0.0 0.0 0.0 0.0 0.0 0.0 0.0 0.0 0.0 0.0 0.0 0.0
0.0 0.0 0.0 0.0 0.0 0.0 0.0 0.0 0.0 0.0 0.0 0.0 0.0 0.0 0.0 0.0 0.0 0.0 0.0 0.0 0.0 0.0 0.0 0.0 0.0 0.0 0.0 0.0 0.0 2.823e-15 3.00506e-15 2.823e-15 2.34035e-15 1.71223e-15 1.1055e-15 6.29895e-16 3.16731e-16 1.40549e-16 5.50396e-17 1.90212e-17 5.80114e-18 1.56135e-18 3.70854e-19 7.77353e-20 1.43796e-20 2.3474e-21 3.38175e-22 4.29942e-23 4.82381e-24 4.77622e-25 4.17341e-26 3.21819e-27 2.19001e-28 1.3152e-29 6.97031e-31 3.26006e-32 1.34559e-33 4.9013e-35 1.57552e-36 4.46941e-38 1.11889e-39 2.47196e-41 4.81955e-43 8.2925e-45 1.25915e-46 1.68726e-48 1.99526e-50 2.08225e-52 1.91768e-54 1.5586e-56 1.11791e-58 7.07603e-61 0.0 0.0 0.0 0.0 0.0 0.0 0.0 0.0 0.0 0.0 0.0 0.0 0.0 0.0 0.0 0.0 0.0 0.0 0.0 0.0 0.0 0.0 0.0 0.0 0.0 0.0 0.0 0.0 0.0
0.0 0.0 0.0 0.0 0.0 0.0 0.0 0.0 0.0 0.0 0.0 0.0 0.0 0.0 0.0 0.0 0.0 0.0 0.0 0.0 0.0 0.0 0.0 0.0 0.0 0.0 0.0 2.22046e-14 3.03501e-14 3.66092e-14 3.89702e-14 3.66092e-14 3.03501e-14 2.22046e-14 1.43364e-14 8.16861e-15 4.10743e-15 1.82266e-15 7.13765e-16 2.46671e-16 7.52303e-17 2.0248e-17 4.80931e-18 1.00809e-18 1.86477e-19 3.04416e-20 4.38552e-21 5.57557e-22 6.25561e-23 6.1939e-24 5.41217e-25 4.17341e-26 2.84004e-27 1.70558e-28 9.03924e-30 4.22771e-31 1.74498e-32 6.3561e-34 2.04317e-35 5.79601e-37 1.451e-38 3.20569e-40 6.25009e-42 1.07539e-43 1.63289e-45 2.18807e-47 2.5875e-49 2.7003e-51 2.48689e-53 2.02122e-55 1.44972e-57 9.17633e-60 5.12586e-62 2.52684e-64 0.0 0.0 0.0 0.0 0.0 0.0 0.0 0.0 0.0 0.0 0.0 0.0 0.0 0.0 0.0 0.0 0.0 0.0 0.0 0.0 0.0 0.0 0.0 0.0 0.0 0.0 0.0
0.0 0.0 0.0 0.0 0.0 0.0 0.0 0.0 0.0 0.0 0.0 0.0 0.0 0.0 0.0 0.0 0.0 0.0 0.0 0.0 0.0 0.0 0.0 0.0 0.0 0.0 1.64071e-13 2.54118e-13 3.47338e-13 4.1897e-13 4.45991e-13 4.1897e-13 3.47338e-13 2.54118e-13 1.64071e-13 9.34848e-14 4.70071e-14 2.08593e-14 8.16861e-15 2.823e-15 8.60965e-16 2.31726e-16 5.50396e-17 1.15369e-17 2.13412e-18 3.48385e-19 5.01897e-20 6.3809e-21 7.15917e-22 7.08854e-23 6.1939e-24 4.77622e-25 3.25026e-26 1.95193e-27 1.03449e-28 4.83836e-30 1.99703e-31 7.27417e-33 2.33828e-34 6.63319e-36 1.66059e-37 3.66871e-39 7.15285e-41 1.23072e-42 1.86874e-44 2.50412e-46 2.96124e-48 3.09033e-50 2.84609e-52 2.31317e-54 1.65912e-56 1.05018e-58 5.86623e-61 2.89181e-63 1.25804e-65 4.82982e-68 0.0 0.0 0.0 0.0 0.0 0.0 0.0 0.0 0.0 0.0 0.0 0.0 0.0 0.0 0.0 0.0 0.0 0.0 0.0 0.0 0.0 0.0 0.0 0.0 0.0
0.0 0.0 0.0 0.0 0.0 0.0 0.0 0.0 0.0 0.0 0.0 0.0 0.0 0.0 0.0 0.0 0.0 0.0 0.0 0.0 0.0 0.0 0.0 0.0 4.74755e-13 9.44163e-13 1.65706e-12 2.5665e-12 3.50799e-12 4.23144e-12 4.50435e-12 4.23144e-12 3.50799e-12 2.5665e-12 1.65706e-12 9.44163e-13 4.74755e-13 2.10671e-13 8.25e-14 2.85112e-14 8.69544e-15 2.34035e-15 5.55881e-16 1.16519e-16 2.15538e-17 3.51857e-18 5.06898e-19 6.44448e-20 7.23051e-21 7.15917e-22 6.25561e-23 4.82381e-24 3.28264e-25 1.97138e-26 1.04479e-27 4.88657e-29 2.01693e-30 7.34665e-32 2.36158e-33 6.69928e-35 1.67713e-36 3.70527e-38 7.22412e-40 1.24298e-41 1.88736e-43 2.52907e-45 2.99074e-47 3.12112e-49 2.87445e-51 2.33621e-53 1.67565e-55 1.06064e-57 5.92469e-60 2.92063e-62 1.27057e-64 4.87794e-67 1.65267e-69 0.0 0.0 0.0 0.0 0.0 0.0 0.0 0.0 0.0 0.0 0.0 0.0 0.0 0.0 0.0 0.0 0.0 0.0 0.0 0.0 0.0 0.0 0.0 0.0
0.0 0.0 0.0 0.0 0.0 0.0 0.0 0.0 0.0 0.0 0.0 0.0 0.0 0.0 0.0 0.0 0.0 0.0 0.0 0.0 0.0 0.0 0.0 1.87769e-12 4.23144e-12 8.41523e-12 1.47692e-11 2.2875e-11 3.12664e-11 3.77144e-11 4.01468e-11 3.77144e-11 3.12664e-11 2.2875e-11 1.47692e-11 8.41523e-12 4.23144e-12 1.87769e-12 7.35315e-13 2.54118e-13 7.75016e-14 2.08593e-14 4.95451e-15 1.03852e-15 1.92107e-16 3.13606e-17 4.51793e-18 5.7439e-19 6.44448e-20 6.3809e-21 5.57557e-22 4.29942e-23 2.92579e-24 1.75707e-25 9.31215e-27 4.35535e-28 1.79767e-29 6.548e-31 2.10485e-32 5.971e-34 1.49481e-35 3.30247e-37 6.43879e-39 1.10786e-40 1.68219e-42 2.25413e-44 2.66562e-46 2.78182e-48 2.56197e-50 2.08225e-52 1.49349e-54 9.45338e-57 5.28062e-59 2.60313e-61 1.13245e-63 4.34766e-66 1.47301e-68 4.40422e-71 0.0 0.0 0.0 0.0 0.0 0.0 0.0 0.0 0.0 0.0 0.0 0.0 0.0 0.0 0.0 0.0 0.0 0.0 0.0 0.0 0.0 0.0 0.0
0.0 0.0 0.0 0.0 0.0 0.0 0.0 0.0 0.0 0.0 0.0 0.0 0.0 0.0 0.0 0.0 0.0 0.0 0.0 0.0 0.0 1.99879e-12 5.7837e-12 1.47692e-11 3.32829e-11 6.61909e-11 1.16169e-10 1.79926e-10 2.45929e-10 2.96647e-10 3.15779e-10 2.96647e-10 2.45929e-10 1.79926e-10 1.16169e-10 6.61909e-11 3.32829e-11 1.47692e-11 5.7837e-12 1.99879e-12 6.09597e-13 1.64071e-13 3.89702e-14 8.16861e-15 1.51104e-15 2.46671e-16 3.55363e-17 4.51793e-18 5.06898e-19 5.01897e-20 4.38552e-21 3.38175e-22 2.30131e-23 1.38205e-24 7.32457e-26 3.42575e-27 1.41397e-28 5.1504e-30 1.65559e-31 4.69656e-33 1.17576e-34 2.59759e-36 5.0645e-38 8.71396e-40 1.32314e-41 1.77301e-43 2.09667e-45 2.18807e-47 2.01515e-49 1.63781e-51 1.17472e-53 7.43566e-56 4.15353e-58 2.04752e-60 8.9074e-63 3.4197e-65 1.15861e-67 3.46419e-70 9.14067e-73 2.12847e-75 0.0 0.0 0.0 0.0 0.0 0.0 0.0 0.0 0.0 0.0 0.0 0.0 0.0 0.0 0.0 0.0 0.0 0.0 0.0 0.0 0.0
0.0 0.0 0.0 0.0 0.0 0.0 0.0 0.0 0.0 0.0 0.0 0.0 0.0 0.0 0.0 0.0 0.0 0.0 0.0 0.0 4.23144e-12 1.38744e-11 4.01468e-11 1.02518e-10 2.31029e-10 4.59456e-10 8.0637e-10 1.24893e-09 1.70709e-09 2.05914e-09 2.19194e-09 2.05914e-09 1.70709e-09 1.24893e-09 8.0637e-10 4.59456e-10 2.31029e-10 1.02518e-10 4.01468e-11 1.38744e-11 4.23144e-12 1.13888e-12 2.70507e-13 5.67014e-14 1.04887e-14 1.71223e-15 2.46671e-16 3.13606e-17 3.51857e-18 3.48385e-19 3.04416e-20 2.3474e-21 1.59743e-22 9.59329e-24 5.08426e-25 2.37794e-26 9.81493e-28 3.57509e-29 1.14921e-30 3.26006e-32 8.1614e-34 1.80309e-35 3.51546e-37 6.04868e-39 9.18444e-41 1.23072e-42 1.45538e-44 1.51882e-46 1.39879e-48 1.13687e-50 8.15419e-53 5.16137e-55 2.88312e-57 1.42126e-59 6.18296e-62 2.37374e-64 8.04237e-67 2.40462e-69 6.34488e-72 1.47745e-74 3.0361e-77 0.0 0.0 0.0 0.0 0.0 0.0 0.0 0.0 0.0 0.0 0.0 0.0 0.0 0.0 0.0 0.0 0.0 0.0 0.0 0.0
0.0 0.0 0.0 0.0 0.0 0.0 0.0 0.0 0.0 0.0 0.0 0.0 0.0 0.0 0.0 0.0 0.0 0.0 0.0 6.97647e-12 2.59207e-11 8.49908e-11 2.45929e-10 6.28002e-10 1.41522e-09 2.81451e-09 4.93962e-09 7.65063e-09 1.04572e-08 1.26138e-08 1.34273e-08 1.26138e-08 1.04572e-08 7.65063e-09 4.93962e-09 2.81451e-09 1.41522e-09 6.28002e-10 2.45929e-10 8.49908e-11 2.59207e-11 6.97647e-12 1.65706e-12 3.47338e-13 6.42511e-14 1.04887e-14 1.51104e-15 1.92107e-16 2.15538e-17 2.13412e-18 1.86477e-19 1.43796e-20 9.78543e-22 5.87661e-23 3.11449e-24 1.45666e-25 6.01237e-27 2.19001e-28 7.03977e-30 1.99703e-31 4.99946e-33 1.10452e-34 2.15348e-36 3.70527e-38 5.62615e-40 7.53905e-42 8.91528e-44 9.30393e-46 8.56862e-48 6.96416e-50 4.99505e-52 3.16172e-54 1.76612e-56 8.70626e-59 3.78752e-61 1.45409e-63 4.92655e-66 1.47301e-68 3.88671e-71 9.05049e-74 1.85984e-76 3.3728e-79 0.0 0.0 0.0 0.0 0.0 0.0 0.0 0.0 0.0 0.0 0.0 0.0 0.0 0.0 0.0 0.0 0.0 0.0 0.0
0.0 0.0 0.0 0.0 0.0 0.0 0.0 0.0 0.0 0.0 0.0 0.0 0.0 0.0 0.0 0.0 0.0 0.0 8.95797e-12 3.77144e-11 1.40126e-10 4.59456e-10 1.32948e-09 3.39495e-09 7.65063e-09 1.52151e-08 2.67033e-08 4.13589e-08 5.65309e-08 6.81893e-08 7.25872e-08 6.81893e-08 5.65309e-08 4.13589e-08 2.67033e-08 1.52151e-08 7.65063e-09 3.39495e-09 1.32948e-09 4.59456e-10 1.40126e-10 3.77144e-11 8.95797e-12 1.87769e-12 3.47338e-13 5.67014e-14 8.16861e-15 1.03852e-15 1.16519e-16 1.15369e-17 1.00809e-18 7.77353e-20 5.28995e-21 3.17686e-22 1.68368e-23 7.87466e-25 3.25026e-26 1.18391e-27 3.80566e-29 1.07958e-30 2.70268e-32 5.971e-34 1.16416e-35 2.00305e-37 3.04147e-39 4.07557e-41 4.81955e-43 5.02965e-45 4.63215e-47 3.76479e-49 2.7003e-51 1.70921e-53 9.54758e-56 4.70656e-58 2.04752e-60 7.86076e-63 2.66327e-65 7.96302e-68 2.10114e-70 4.89265e-73 1.00542e-75 1.82332e-78 2.91805e-81 0.0 0.0 0.0 0.0 0.0 0.0 0.0 0.0 0.0 0.0 0.0 0.0 0.0 0.0 0.0 0.0 0.0 0.0
0.0 0.0 0.0 0.0 0.0 0.0 0.0 0.0 0.0 0.0 0.0 0.0 0.0 0.0 0.0 0.0 0.0 8.95797e-12 4.27361e-11 1.79926e-10 6.68505e-10 2.19194e-09 6.34259e-09 1.61964e-08 3.64991e-08 7.25872e-08 1.27394e-07 1.97312e-07 2.69694e-07 3.25313e-07 3.46294e-07 3.25313e-07 2.69694e-07 1.97312e-07 1.27394e-07 7.25872e-08 3.64991e-08 1.61964e-08 6.34259e-09 2.19194e-09 6.68505e-10 1.79926e-10 4.27361e-11 8.95797e-12 1.65706e-12 2.70507e-13 3.89702e-14 4.95451e-15 5.55881e-16 5.50396e-17 4.80931e-18 3.70854e-19 2.52369e-20 1.5156e-21 8.03237e-23 3.75679e-24 1.55061e-25 5.6481e-27 1.81558e-28 5.1504e-30 1.28938e-31 2.84861e-33 5.5539e-35 9.55601e-37 1.451e-38 1.94435e-40 2.29928e-42 2.39951e-44 2.20988e-46 1.79608e-48 1.28824e-50 8.15419e-53 4.55489e-55 2.24537e-57 9.76816e-60 3.75016e-62 1.27057e-64 3.79894e-67 1.0024e-69 2.33415e-72 4.79658e-75 8.69858e-78 1.39212e-80 1.96616e-83 0.0 0.0 0.0 0.0 0.0 0.0 0.0 0.0 0.0 0.0 0.0 0.0 0.0 0.0 0.0 0.0 0.0
0.0 0.0 0.0 0.0 0.0 0.0 0.0 0.0 0.0 0.0 0.0 0.0 0.0 0.0 0.0 0.0 6.97647e-12 3.77144e-11 1.79926e-10 7.57515e-10 2.81451e-09 9.22842e-09 2.67033e-08 6.81893e-08 1.53667e-07 3.05603e-07 5.36351e-07 8.30716e-07 1.13545e-06 1.36962e-06 1.45795e-06 1.36962e-06 1.13545e-06 8.30716e-07 5.36351e-07 3.05603e-07 1.53667e-07 6.81893e-08 2.67033e-08 9.22842e-09 2.81451e-09 7.57515e-10 1.79926e-10 3.77144e-11 6.97647e-12 1.13888e-12 1.64071e-13 2.08593e-14 2.34035e-15 2.31726e-16 2.0248e-17 1.56135e-18 1.06252e-19 6.3809e-21 3.38175e-22 1.58167e-23 6.52832e-25 2.37794e-26 7.64388e-28 2.1684e-29 5.42848e-31 1.19931e-32 2.33828e-34 4.02323e-36 6.10895e-38 8.186e-40 9.68033e-42 1.01023e-43 9.30393e-46 7.56178e-48 5.42369e-50 3.43304e-52 1.91768e-54 9.45338e-57 4.11255e-59 1.57888e-61 5.34931e-64 1.59942e-66 4.22025e-69 9.82715e-72 2.01944e-74 3.66224e-77 5.86105e-80 8.27786e-83 1.03175e-85 0.0 0.0 0.0 0.0 0.0 0.0 0.0 0.0 0.0 0.0 0.0 0.0 0.0 0.0 0.0 0.0
0.0 0.0 0.0 0.0 0.0 0.0 0.0 0.0 0.0 0.0 0.0 0.0 0.0 0.0 0.0 4.23144e-12 2.59207e-11 1.40126e-10 6.68505e-10 2.81451e-09 1.04572e-08 3.42877e-08 9.92149e-08 2.53354e-07 5.70942e-07 1.13545e-06 1.99278e-06 3.08648e-06 4.21872e-06 5.08875e-06 5.41695e-06 5.08875e-06 4.21872e-06 3.08648e-06 1.99278e-06 1.13545e-06 5.70942e-07 2.53354e-07 9.92149e-08 3.42877e-08 1.04572e-08 2.81451e-09 6.68505e-10 1.40126e-10 2.59207e-11 4.23144e-12 6.09597e-13 7.75016e-14 8.69544e-15 8.60965e-16 7.52303e-17 5.80114e-18 3.94772e-19 2.37079e-20 1.25647e-21 5.87661e-23 2.42556e-24 8.83512e-26 2.84004e-27 8.05659e-29 2.01693e-30 4.45597e-32 8.68776e-34 1.49481e-35 2.26975e-37 3.04147e-39 3.59668e-41 3.75347e-43 3.45683e-45 2.80954e-47 2.01515e-49 1.27553e-51 7.12505e-54 3.51236e-56 1.528e-58 5.86623e-61 1.98751e-63 5.94255e-66 1.56801e-68 3.65123e-71 7.50312e-74 1.36069e-76 2.17765e-79 3.0756e-82 3.83341e-85 4.21652e-88 0.0 0.0 0.0 0.0 0.0 0.0 0.0 0.0 0.0 0.0 0.0 0.0 0.0 0.0 0.0
0.0 0.0 0.0 0.0 0.0 0.0 0.0 0.0 0.0 0.0 0.0 0.0 0.0 0.0 1.99879e-12 1.38744e-11 8.49908e-11 4.59456e-10 2.19194e-09 9.22842e-09 3.42877e-08 1.12425e-07 3.25313e-07 8.30716e-07 1.87205e-06 3.72301e-06 6.53409e-06 1.01202e-05 1.38327e-05 1.66854e-05 1.77615e-05 1.66854e-05 1.38327e-05 1.01202e-05 6.53409e-06 3.72301e-06 1.87205e-06 8.30716e-07 3.25313e-07 1.12425e-07 3.42877e-08 9.22842e-09 2.19194e-09 4.59456e-10 8.49908e-11 1.38744e-11 1.99879e-12 2.54118e-13 2.85112e-14 2.823e-15 2.46671e-16 1.90212e-17 1.29441e-18 7.77353e-20 4.11982e-21 1.92686e-22 7.95312e-24 2.89692e-25 9.31215e-27 2.64165e-28 6.61325e-30 1.46106e-31 2.84861e-33 4.9013e-35 7.44223e-37 9.97259e-39 1.17931e-40 1.23072e-42 1.13345e-44 9.21213e-47 6.60741e-49 4.1823e-51 2.33621e-53 1.15166e-55 5.01011e-58 1.92346e-60 6.5168e-63 1.94849e-65 5.14131e-68 1.19719e-70 2.46018e-73 4.46152e-76 7.14023e-79 1.00845e-81 1.25693e-84 1.38254e-87 1.34203e-90 0.0 0.0 0.0 0.0 0.0 0.0 0.0 0.0 0.0 0.0 0.0 0.0 0.0 0.0
0.0 0.0 0.0 0.0 0.0 0.0 0.0 0.0 0.0 0.0 0.0 0.0 0.0 0.0 5.7837e-12 4.01468e-11 2.45929e-10 1.32948e-09 6.34259e-09 2.67033e-08 9.92149e-08 3.25313e-07 9.41324e-07 2.40376e-06 5.41695e-06 1.07729e-05 1.8907e-05 2.92837e-05 4.00261e-05 4.82807e-05 5.13946e-05 4.82807e-05 4.00261e-05 2.92837e-05 1.8907e-05 1.07729e-05 5.41695e-06 2.40376e-06 9.41324e-07 3.25313e-07 9.92149e-08 2.67033e-08 6.34259e-09 1.32948e-09 2.45929e-10 4.01468e-11 5.7837e-12 7.35315e-13 8.25e-14 8.16861e-15 7.13765e-16 5.50396e-17 3.74549e-18 2.24934e-19 1.19211e-20 5.57557e-22 2.30131e-23 8.38253e-25 2.69456e-26 7.64388e-28 1.91361e-29 4.22771e-31 8.24272e-33 1.41824e-34 2.15348e-36 2.88567e-38 3.41243e-40 3.56119e-42 3.27975e-44 2.66562e-46 1.91192e-48 1.21019e-50 6.76006e-53 3.33243e-55 1.44972e-57 5.56573e-60 1.8857e-62 5.63813e-65 1.48769e-67 3.46419e-70 7.11876e-73 1.29098e-75 2.06609e-78 2.91805e-81 3.63704e-84 4.00052e-87 3.88328e-90 0.0 0.0 0.0 0.0 0.0 0.0 0.0 0.0 0.0 0.0 0.0 0.0 0.0 0.0
0.0 0.0 0.0 0.0 0.0 0.0 0.0 0.0 0.0 0.0 0.0 0.0 0.0 1.87769e-12 1.47692e-11 1.02518e-10 6.28002e-10 3.39495e-09 1.61964e-08 6.81893e-08 2.53354e-07 8.30716e-07 2.40376e-06 6.13821e-06 1.38327e-05 2.75095e-05 4.82807e-05 7.47787e-05 0.00010221 0.000123289 0.000131241 0.000123289 0.00010221 7.47787e-05 4.82807e-05 2.75095e-05 1.38327e-05 6.13821e-06 2.40376e-06 8.30716e-07 2.53354e-07 6.81893e-08 1.61964e-08 3.39495e-09 6.28002e-10 1.02518e-10 1.47692e-11 1.87769e-12 2.10671e-13 2.08593e-14 1.82266e-15 1.40549e-16 9.56446e-18 5.7439e-19 3.04416e-20 1.42377e-21 5.87661e-23 2.14055e-24 6.8808e-26 1.95193e-27 4.88657e-29 1.07958e-30 2.10485e-32 3.6216e-34 5.49911e-36 7.36881e-38 8.71396e-40 9.09383e-42 8.37513e-44 6.8069e-46 4.88225e-48 3.09033e-50 1.72624e-52 8.50966e-55 3.702e-57 1.42126e-59 4.8153e-62 1.43975e-64 3.79894e-67 8.84612e-70 1.81784e-72 3.29664e-75 5.27595e-78 7.45149e-81 9.2875e-84 1.02157e-86 9.91631e-90 8.49464e-93 0.0 0.0 0.0 0.0 0.0 0.0 0.0 0.0 0.0 0.0 0.0 0.0 0.0
0.0 0.0 0.0 0.0 0.0 0.0 0.0 0.0 0.0 0.0 0.0 0.0 4.74755e-13 4.23144e-12 3.32829e-11 2.31029e-10 1.41522e-09 7.65063e-09 3.64991e-08 1.53667e-07 5.70942e-07 1.87205e-06 5.41695e-06 1.38327e-05 3.11724e-05 6.19937e-05 0.000108802 0.000168516 0.000230335 0.000277836 0.000295755 0.000277836 0.000230335 0.000168516 0.000108802 6.19937e-05 3.11724e-05 1.38327e-05 5.41695e-06 1.87205e-06 5.70942e-07 1.53667e-07 3.64991e-08 7.65063e-09 1.41522e-09 2.31029e-10 3.32829e-11 4.23144e-12 4.74755e-13 4.70071e-14 4.10743e-15 3.16731e-16 2.15538e-17 1.29441e-18 6.86011e-20 3.20852e-21 1.32431e-22 4.82381e-24 1.55061e-25 4.39875e-27 1.1012e-28 2.43288e-30 4.74336e-32 8.1614e-34 1.23924e-35 1.66059e-37 1.96372e-39 2.04933e-41 1.88736e-43 1.53396e-45 1.10023e-47 6.96416e-50 3.89015e-52 1.91768e-54 8.34258e-57 3.20285e-59 1.08514e-61 3.24452e-64 8.56105e-67 1.9935e-69 4.09656e-72 7.4291e-75 1.18895e-77 1.67922e-80 2.09297e-83 2.30214e-86 2.23467e-89 1.9143e-92 1.44716e-95 0.0 0.0 0.0 0.0 0.0 0.0 0.0 0.0 0.0 0.0 0.0 0.0
0.0 0.0 0.0 0.0 0.0 0.0 0.0 0.0 0.0 0.0 0.0 9.34848e-14 9.44163e-13 8.41523e-12 6.61909e-11 4.59456e-10 2.81451e-09 1.52151e-08 7.25872e-08 3.05603e-07 1.13545e-06 3.72301e-06 1.07729e-05 2.75095e-05 6.19937e-05 0.000123289 0.000216379 0.000335135 0.000458075 0.000552544 0.00058818 0.000552544 0.000458075 0.000335135 0.000216379 0.000123289 6.19937e-05 2.75095e-05 1.07729e-05 3.72301e-06 1.13545e-06 3.05603e-07 7.25872e-08 1.52151e-08 2.81451e-09 4.59456e-10 6.61909e-11 8.41523e-12 9.44163e-13 9.34848e-14 8.16861e-15 6.29895e-16 4.28649e-17 2.57424e-18 1.3643e-19 6.3809e-21 2.63371e-22 9.59329e-24 3.08376e-25 8.74795e-27 2.19001e-28 4.83836e-30 9.43329e-32 1.62309e-33 2.46453e-35 3.30247e-37 3.90532e-39 4.07557e-41 3.75347e-43 3.05064e-45 2.18807e-47 1.38499e-49 7.73648e-52 3.81377e-54 1.65912e-56 6.36964e-59 2.15807e-61 6.4525e-64 1.70257e-66 3.96455e-69 8.14699e-72 1.47745e-74 2.36452e-77 3.33953e-80 4.16237e-83 4.57836e-86 4.44418e-89 3.80703e-92 2.87803e-95 0.0 0.0 0.0 0.0 0.0 0.0 0.0 0.0 0.0 0.0 0.0 0.0
0.0 0.0 0.0 0.0 0.0 0.0 0.0 0.0 0.0 0.0 0.0 1.64071e-13 1.65706e-12 1.47692e-11 1.16169e-10 8.0637e-10 4.93962e-09 2.67033e-08 1.27394e-07 5.36351e-07 1.99278e-06 6.53409e-06 1.8907e-05 4.82807e-05 0.000108802 0.000216379 0.000379757 0.00058818 0.000803946 0.000969745 0.00103229 0.000969745 0.000803946 0.00058818 0.000379757 0.000216379 0.000108802 4.82807e-05 1.8907e-05 6.53409e-06 1.99278e-06 5.36351e-07 1.27394e-07 2.67033e-08 4.93962e-09 8.0637e-10 1.16169e-10 1.47692e-11 1.65706e-12 1.64071e-13 1.43364e-14 1.1055e-15 7.52303e-17 4.51793e-18 2.39441e-19 1.11988e-20 4.62231e-22 1.68368e-23 5.41217e-25 1.53531e-26 3.84358e-28 8.49158e-30 1.65559e-31 2.84861e-33 4.32538e-35 5.79601e-37 6.85406e-39 7.15285e-41 6.58755e-43 5.35404e-45 3.84019e-47 2.43073e-49 1.35779e-51 6.69337e-54 2.91185e-56 1.11791e-58 3.78752e-61 1.13245e-63 2.9881e-66 6.95801e-69 1.42984e-71 2.59301e-74 4.14986e-77 5.86105e-80 7.30519e-83 8.03527e-86 7.79978e-89 6.68155e-92 5.0511e-95 3.36983e-98 0.0 0.0 0.0 0.0 0.0 0.0 0.0 0.0 0.0 0.0 0.0
0.0 0.0 0.0 0.0 0.0 0.0 0.0 0.0 0.0 0.0 2.22046e-14 2.54118e-13 2.5665e-12 2.2875e-11 1.79926e-10 1.24893e-09 7.65063e-09 4.13589e-08 1.97312e-07 8.30716e-07 3.08648e-06 1.01202e-05 2.92837e-05 7.47787e-05 0.000168516 0.000335135 0.00058818 0.000910991 0.00124518 0.00150197 0.00159884 0.00150197 0.00124518 0.000910991 0.00058818 0.000335135 0.000168516 7.47787e-05 2.92837e-05 1.01202e-05 3.08648e-06 8.30716e-07 1.97312e-07 4.13589e-08 7.65063e-09 1.24893e-09 1.79926e-10 2.2875e-11 2.5665e-12 2.54118e-13 2.22046e-14 1.71223e-15 1.16519e-16 6.99751e-18 3.70854e-19 1.73451e-20 7.15917e-22 2.60773e-23 8.38253e-25 2.37794e-26 5.95306e-28 1.3152e-29 2.56423e-31 4.41201e-33 6.69928e-35 8.97704e-37 1.06158e-38 1.10786e-40 1.0203e-42 8.2925e-45 5.9478e-47 3.76479e-49 2.10299e-51 1.03669e-53 4.50996e-56 1.73145e-58 5.86623e-61 1.75397e-63 4.62806e-66 1.07768e-68 2.21458e-71 4.01613e-74 6.42743e-77 9.07778e-80 1.13145e-82 1.24453e-85 1.20805e-88 1.03486e-91 7.8233e-95 5.21929e-98 3.07288e-101 0.0 0.0 0.0 0.0 0.0 0.0 0.0 0.0 0.0 0.0
0.0 0.0 0.0 0.0 0.0 0.0 0.0 0.0 0.0 0.0 3.03501e-14 3.47338e-13 3.50799e-12 3.12664e-11 2.45929e-10 1.70709e-09 1.04572e-08 5.65309e-08 2.69694e-07 1.13545e-06 4.21872e-06 1.38327e-05 4.00261e-05 0.00010221 0.000230335 0.000458075 0.000803946 0.00124518 0.00170195 0.00205295 0.00218535 0.00205295 0.00170195 0.00124518 0.000803946 0.000458075 0.000230335 0.00010221 4.00261e-05 1.38327e-05 4.21872e-06 1.13545e-06 2.69694e-07 5.65309e-08 1.04572e-08 1.70709e-09 2.45929e-10 3.12664e-11 3.50799e-12 3.47338e-13 3.03501e-14 2.34035e-15 1.59262e-16 9.56446e-18 5.06898e-19 2.37079e-20 9.78543e-22 3.56434e-23 1.14576e-24 3.25026e-26 8.13686e-28 1.79767e-29 3.50489e-31 6.0305e-33 9.15683e-35 1.22702e-36 1.451e-38 1.51426e-40 1.39458e-42 1.13345e-44 8.12968e-47 5.14586e-49 2.87445e-51 1.41699e-53 6.16438e-56 2.36661e-58 8.01819e-61 2.3974e-63 6.32581e-66 1.47301e-68 3.02697e-71 5.4894e-74 8.78525e-77 1.24079e-79 1.54651e-82 1.70107e-85 1.65121e-88 1.41449e-91 1.06932e-94 7.13392e-98 4.20013e-101 0.0 0.0 0.0 0.0 0.0 0.0 0.0 0.0 0.0 0.0
0.0 0.0 0.0 0.0 0.0 0.0 0.0 0.0 0.0 2.823e-15 3.66092e-14 4.1897e-13 4.23144e-12 3.77144e-11 2.96647e-10 2.05914e-09 1.26138e-08 6.81893e-08 3.25313e-07 1.36962e-06 5.08875e-06 1.66854e-05 4.82807e-05 0.000123289 0.000277836 0.000552544 0.000969745 0.00150197 0.00205295 0.00247633 0.00263604 0.00247633 0.00205295 0.00150197 0.000969745 0.000552544 0.000277836 0.000123289 4.82807e-05 1.66854e-05 5.08875e-06 1.36962e-06 3.25313e-07 6.81893e-08 1.26138e-08 2.05914e-09 2.96647e-10 3.77144e-11 4.23144e-12 4.1897e-13 3.66092e-14 2.823e-15 1.92107e-16 1.15369e-17 6.11435e-19 2.85972e-20 1.18035e-21 4.29942e-23 1.38205e-24 3.92056e-26 9.81493e-28 2.1684e-29 4.22771e-31 7.27417e-33 1.10452e-34 1.48006e-36 1.75024e-38 1.82654e-40 1.68219e-42 1.3672e-44 9.80626e-47 6.20709e-49 3.46725e-51 1.70921e-53 7.43566e-56 2.85467e-58 9.67178e-61 2.89181e-63 7.63038e-66 1.77679e-68 3.65123e-71 6.62148e-74 1.0597e-76 1.49667e-79 1.86545e-82 2.05188e-85 1.99174e-88 1.70619e-91 1.28984e-94 8.60515e-98 5.06633e-101 2.63234e-104 0.0 0.0 0.0 0.0 0.0 0.0 0.0 0.0 0.0
0.0 0.0 0.0 0.0 0.0 0.0 0.0 0.0 0.0 3.00506e-15 3.89702e-14 4.45991e-13 4.50435e-12 4.01468e-11 3.15779e-10 2.19194e-09 1.34273e-08 7.25872e-08 3.46294e-07 1.45795e-06 5.41695e-06 1.77615e-05 5.13946e-05 0.000131241 0.000295755 0.00058818 0.00103229 0.00159884 0.00218535 0.00263604 0.00280605 0.00263604 0.00218535 0.00159884 0.00103229 0.00058818 0.000295755 0.000131241 5.13946e-05 1.77615e-05 5.41695e-06 1.45795e-06 3.46294e-07 7.25872e-08 1.34273e-08 2.19194e-09 3.15779e-10 4.01468e-11 4.50435e-12 4.45991e-13 3.89702e-14 3.00506e-15 2.04497e-16 1.2281e-17 6.50869e-19 3.04416e-20 1.25647e-21 4.5767e-23 1.47118e-24 4.17341e-26 1.04479e-27 2.30825e-29 4.50037e-31 7.74332e-33 1.17576e-34 1.57552e-36 1.86313e-38 1.94435e-40 1.79068e-42 1.45538e-44 1.04387e-46 6.60741e-49 3.69087e-51 1.81945e-53 7.91522e-56 3.03878e-58 1.02956e-60 3.07832e-63 8.1225e-66 1.89138e-68 3.88671e-71 7.04853e-74 1.12805e-76 1.5932e-79 1.98576e-82 2.18421e-85 2.1202e-88 1.81623e-91 1.37303e-94 9.16014e-98 5.39308e-101 2.80211e-104 0.0 0.0 0.0 0.0 0.0 0.0 0.0 0.0 0.0
0.0 0.0 0.0 0.0 0.0 0.0 0.0 0.0 1.92107e-16 2.823e-15 3.66092e-14 4.1897e-13 4.23144e-12 3.77144e-11 2.96647e-10 2.05914e-09 1.26138e-08 6.81893e-08 3.25313e-07 1.36962e-06 5.08875e-06 1.66854e-05 4.82807e-05 0.000123289 0.000277836 0.000552544 0.000969745 0.00150197 0.00205295 0.00247633 0.00263604 0.00247633 0.00205295 0.00150197 0.000969745 0.000552544 0.000277836 0.000123289 4.82807e-05 1.66854e-05 5.08875e-06 1.36962e-06 3.25313e-07 6.81893e-08 1.26138e-08 2.05914e-09 2.96647e-10 3.77144e-11 4.23144e-12 4.1897e-13 3.66092e-14 2.823e-15 1.92107e-16 1.15369e-17 6.11435e-19 2.85972e-20 1.18035e-21 4.29942e-23 1.38205e-24 3.92056e-26 9.81493e-28 2.1684e-29 4.22771e-31 7.27417e-33 1.10452e-34 1.48006e-36 1.75024e-38 1.82654e-40 1.68219e-42 1.3672e-44 9.80626e-47 6.20709e-49 3.46725e-51 1.70921e-53 7.43566e-56 2.85467e-58 9.67178e-61 2.89181e-63 7.63038e-66 1.77679e-68 3.65123e-71 6.62148e-74 1.0597e-76 1.49667e-79 1.86545e-82 2.05188e-85 1.99174e-88 1.70619e-91 1.28984e-94 8.60515e-98 5.06633e-101 2.63234e-104 1.20699e-107 0.0 0.0 0.0 0.0 0.0 0.0 0.0 0.0
0.0 0.0 0.0 0.0 0.0 0.0 0.0 0.0 1.59262e-16 2.34035e-15 3.03501e-14 3.47338e-13 3.50799e-12 3.12664e-11 2.45929e-10 1.70709e-09 1.04572e-08 5.65309e-08 2.69694e-07 1.13545e-06 4.21872e-06 1.38327e-05 4.00261e-05 0.00010221 0.000230335 0.000458075 0.000803946 0.00124518 0.00170195 0.00205295 0.00218535 0.00205295 0.00170195 0.00124518 0.000803946 0.000458075 0.000230335 0.00010221 4.00261e-05 1.38327e-05 4.21872e-06 1.13545e-06 2.69694e-07 5.65309e-08 1.04572e-08 1.70709e-09 2.45929e-10 3.12664e-11 3.50799e-12 3.47338e-13 3.03501e-14 2.34035e-15 1.59262e-16 9.56446e-18 5.06898e-19 2.37079e-20 9.78543e-22 3.56434e-23 1.14576e-24 3.25026e-26 8.13686e-28 1.79767e-29 3.50489e-31 6.0305e-33 9.15683e-35 1.22702e-36 1.451e-38 1.51426e-40 1.39458e-42 1.13345e-44 8.12968e-47 5.14586e-49 2.87445e-51 1.41699e-53 6.16438e-56 2.36661e-58 8.01819e-61 2.3974e-63 6.32581e-66 1.47301e-68 3.02697e-71 5.4894e-74 8.78525e-77 1.24079e-79 1.54651e-82 1.70107e-85 1.65121e-88 1.41449e-91 1.06932e-94 7.13392e-98 4.20013e-101 2.18228e-104 1.00063e-107 0.0 0.0 0.0 0.0 0.0 0.0 0.0 0.0
0.0 0.0 0.0 0.0 0.0 0.0 0.0 6.99751e-18 1.16519e-16 1.71223e-15 2.22046e-14 2.54118e-13 2.5665e-12 2.2875e-11 1.79926e-10 1.24893e-09 7.65063e-09 4.13589e-08 1.97312e-07 8.30716e-07 3.08648e-06 1.01202e-05 2.92837e-05 7.47787e-05 0.000168516 0.000335135 0.00058818 0.000910991 0.00124518 0.00150197 0.00159884 0.00150197 0.00124518 0.000910991 0.00058818 0.000335135 0.000168516 7.47787e-05 2.92837e-05 1.01202e-05 3.08648e-06 8.30716e-07 1.97312e-07 4.13589e-08 7.65063e-09 1.24893e-09 1.79926e-10 2.2875e-11 2.5665e-12 2.54118e-13 2.22046e-14 1.71223e-15 1.16519e-16 6.99751e-18 3.70854e-19 1.73451e-20 7.15917e-22 2.60773e-23 8.38253e-25 2.37794e-26 5.95306e-28 1.3152e-29 2.56423e-31 4.41201e-33 6.69928e-35 8.97704e-37 1.06158e-38 1.10786e-40 1.0203e-42 8.2925e-45 5.9478e-47 3.76479e-49 2.10299e-51 1.03669e-53 4.50996e-56 1.73145e-58 5.86623e-61 1.75397e-63 4.62806e-66 1.07768e-68 2.21458e-71 4.01613e-74 6.42743e-77 9.07778e-80 1.13145e-82 1.24453e-85 1.20805e-88 1.03486e-91 7.8233e-95 5.21929e-98 3.07288e-101 1.59659e-104 7.32075e-108 2.9623e-111 0.0 0.0 0.0 0.0 0.0 0.0 0.0
0.0 0.0 0.0 0.0 0.0 0.0 0.0 4.51793e-18 7.52303e-17 1.1055e-15 1.43364e-14 1.64071e-13 1.65706e-12 1.47692e-11 1.16169e-10 8.0637e-10 4.93962e-09 2.67033e-08 1.27394e-07 5.36351e-07 1.99278e-06 6.53409e-06 1.8907e-05 4.82807e-05 0.000108802 0.000216379 0.000379757 0.00058818 0.000803946 0.000969745 0.00103229 0.000969745 0.000803946 0.00058818 0.000379757 0.000216379 0.000108802 4.82807e-05 1.8907e-05 6.53409e-06 1.99278e-06 5.36351e-07 1.27394e-07 2.67033e-08 4.93962e-09 8.0637e-10 1.16169e-10 1.47692e-11 1.65706e-12 1.64071e-13 1.43364e-14 1.1055e-15 7.52303e-17 4.51793e-18 2.39441e-19 1.11988e-20 4.62231e-22 1.68368e-23 5.41217e-25 1.53531e-26 3.84358e-28 8.49158e-30 1.65559e-31 2.84861e-33 4.32538e-35 5.79601e-37 6.85406e-39 7.15285e-41 6.58755e-43 5.35404e-45 3.84019e-47 2.43073e-49 1.35779e-51 6.69337e-54 2.91185e-56 1.11791e-58 3.78752e-61 1.13245e-63 2.9881e-66 6.95801e-69 1.42984e-71 2.59301e-74 4.14986e-77 5.86105e-80 7.30519e-83 8.03527e-86 7.79978e-89 6.68155e-92 5.0511e-95 3.36983e-98 1.984e-101 1.03084e-104 4.72663e-108 1.91261e-111 0.0 0.0 0.0 0.0 0.0 0.0 0.0
0.0 0.0 0.0 0.0 0.0 0.0 0.0 2.57424e-18 4.28649e-17 6.29895e-16 8.16861e-15 9.34848e-14 9.44163e-13 8.41523e-12 6.61909e-11 4.59456e-10 2.81451e-09 1.52151e-08 7.25872e-08 3.05603e-07 1.13545e-06 3.72301e-06 1.07729e-05 2.75095e-05 6.19937e-05 0.000123289 0.000216379 0.000335135 0.000458075 0.000552544 0.00058818 0.000552544 0.000458075 0.000335135 0.000216379 0.000123289 6.19937e-05 2.75095e-05 1.07729e-05 3.72301e-06 1.13545e-06 3.05603e-07 7.25872e-08 1.52151e-08 2.81451e-09 4.59456e-10 6.61909e-11 8.41523e-12 9.44163e-13 9.34848e-14 8.16861e-15 6.29895e-16 4.28649e-17 2.57424e-18 1.3643e-19 6.3809e-21 2.63371e-22 9.59329e-24 3.08376e-25 8.74795e-27 2.19001e-28 4.83836e-30 9.43329e-32 1.62309e-33 2.46453e-35 3.30247e-37 3.90532e-39 4.07557e-41 3.75347e-43 3.05064e-45 2.18807e-47 1.38499e-49 7.73648e-52 3.81377e-54 1.65912e-56 6.36964e-59 2.15807e-61 6.4525e-64 1.70257e-66 3.96455e-69 8.14699e-72 1.47745e-74 2.36452e-77 3.33953e-80 4.16237e-83 4.57836e-86 4.44418e-89 3.80703e-92 2.87803e-95 1.92007e-98 1.13045e-101 5.87354e-105 2.69315e-108 1.08977e-111 0.0 0.0 0.0 0.0 0.0 0.0 0.0
0.0 0.0 0.0 0.0 0.0 0.0 6.86011e-20 1.29441e-18 2.15538e-17 3.16731e-16 4.10743e-15 4.70071e-14 4.74755e-13 4.23144e-12 3.32829e-11 2.31029e-10 1.41522e-09 7.65063e-09 3.64991e-08 1.53667e-07 5.70942e-07 1.87205e-06 5.41695e-06 1.38327e-05 3.11724e-05 6.19937e-05 0.000108802 0.000168516 0.000230335 0.000277836 0.000295755 0.000277836 0.000230335 0.000168516 0.000108802 6.19937e-05 3.11724e-05 1.38327e-05 5.41695e-06 1.87205e-06 5.70942e-07 1.53667e-07 3.64991e-08 7.65063e-09 1.41522e-09 2.31029e-10 3.32829e-11 4.23144e-12 4.74755e-13 4.70071e-14 4.10743e-15 3.16731e-16 2.15538e-17 1.29441e-18 6.86011e-20 3.20852e-21 1.32431e-22 4.82381e-24 1.55061e-25 4.39875e-27 1.1012e-28 2.43288e-30 4.74336e-32 8.1614e-34 1.23924e-35 1.66059e-37 1.96372e-39 2.04933e-41 1.88736e-43 1.53396e-45 1.10023e-47 6.96416e-50 3.89015e-52 1.91768e-54 8.34258e-57 3.20285e-59 1.08514e-61 3.24452e-64 8.56105e-67 1.9935e-69 4.09656e-72 7.4291e-75 1.18895e-77 1.67922e-80 2.09297e-83 2.30214e-86 2.23467e-89 1.9143e-92 1.44716e-95 9.65471e-99 5.68426e-102 2.9534e-105 1.3542e-108 5.47971e-112 1.95679e-115 0.0 0.0 0.0 0.0 0.0 0.0
0.0 0.0 0.0 0.0 0.0 0.0 3.04416e-20 5.7439e-19 9.56446e-18 1.40549e-16 1.82266e-15 2.08593e-14 2.10671e-13 1.87769e-12 1.47692e-11 1.02518e-10 6.28002e-10 3.39495e-09 1.61964e-08 6.81893e-08 2.53354e-07 8.30716e-07 2.40376e-06 6.13821e-06 1.38327e-05 2.75095e-05 4.82807e-05 7.47787e-05 0.00010221 0.000123289 0.000131241 0.000123289 0.00010221 7.47787e-05 4.82807e-05 2.75095e-05 1.38327e-05 6.13821e-06 2.40376e-06 8.30716e-07 2.53354e-07 6.81893e-08 1.61964e-08 3.39495e-09 6.28002e-10 1.02518e-10 1.47692e-11 1.87769e-12 2.10671e-13 2.08593e-14 1.82266e-15 1.40549e-16 9.56446e-18 5.7439e-19 3.04416e-20 1.42377e-21 5.87661e-23 2.14055e-24 6.8808e-26 1.95193e-27 4.88657e-29 1.07958e-30 2.10485e-32 3.6216e-34 5.49911e-36 7.36881e-38 8.71396e-40 9.09383e-42 8.37513e-44 6.8069e-46 4.88225e-48 3.09033e-50 1.72624e-52 8.50966e-55 3.702e-57 1.42126e-59 4.8153e-62 1.43975e-64 3.79894e-67 8.84612e-70 1.81784e-72 3.29664e-75 5.27595e-78 7.45149e-81 9.2875e-84 1.02157e-86 9.91631e-90 8.49464e-93 6.42175e-96 4.28425e-99 2.52238e-102 1.31056e-105 6.00923e-109 2.43161e-112 8.68322e-116 0.0 0.0 0.0 0.0 0.0 0.0
0.0 0.0 0.0 0.0 0.0 0.0 1.19211e-20 2.24934e-19 3.74549e-18 5.50396e-17 7.13765e-16 8.16861e-15 8.25e-14 7.35315e-13 5.7837e-12 4.01468e-11 2.45929e-10 1.32948e-09 6.34259e-09 2.67033e-08 9.92149e-08 3.25313e-07 9.41324e-07 2.40376e-06 5.41695e-06 1.07729e-05 1.8907e-05 2.92837e-05 4.00261e-05 4.82807e-05 5.13946e-05 4.82807e-05 4.00261e-05 2.92837e-05 1.8907e-05 1.07729e-05 5.41695e-06 2.40376e-06 9.41324e-07 3.25313e-07 9.92149e-08 2.67033e-08 6.34259e-09 1.32948e-09 2.45929e-10 4.01468e-11 5.7837e-12 7.35315e-13 8.25e-14 8.16861e-15 7.13765e-16 5.50396e-17 3.74549e-18 2.24934e-19 1.19211e-20 5.57557e-22 2.30131e-23 8.38253e-25 2.69456e-26 7.64388e-28 1.91361e-29 4.22771e-31 8.24272e-33 1.41824e-34 2.15348e-36 2.88567e-38 3.41243e-40 3.56119e-42 3.27975e-44 2.66562e-46 1.91192e-48 1.21019e-50 6.76006e-53 3.33243e-55 1.44972e-57 5.56573e-60 1.8857e-62 5.63813e-65 1.48769e-67 3.46419e-70 7.11876e-73 1.29098e-75 2.06609e-78 2.91805e-81 3.63704e-84 4.00052e-87 3.88328e-90 3.32655e-93 2.51479e-96 1.67774e-99 9.87777e-103 5.13224e-106 2.35325e-109 9.52231e-113 3.4004e-116 0.0 0.0 0.0 0.0 0.0 0.0
0.0 0.0 0.0 0.0 0.0 0.0 4.11982e-21 7.77353e-20 1.29441e-18 1.90212e-17 2.46671e-16 2.823e-15 2.85112e-14 2.54118e-13 1.99879e-12 1.38744e-11 8.49908e-11 4.59456e-10 2.19194e-09 9.22842e-09 3.42877e-08 1.12425e-07 3.25313e-07 8.30716e-07 1.87205e-06 3.72301e-06 6.53409e-06 1.01202e-05 1.38327e-05 1.66854e-05 1.77615e-05 1.66854e-05 1.38327e-05 1.01202e-05 6.53409e-06 3.72301e-06 1.87205e-06 8.30716e-07 3.25313e-07 1.12425e-07 3.42877e-08 9.22842e-09 2.19194e-09 4.59456e-10 8.49908e-11 1.38744e-11 1.99879e-12 2.54118e-13 2.85112e-14 2.823e-15 2.46671e-16 1.90212e-17 1.29441e-18 7.77353e-20 4.11982e-21 1.92686e-22 7.95312e-24 2.89692e-25 9.31215e-27 2.64165e-28 6.61325e-30 1.46106e-31 2.84861e-33 4.9013e-35 7.44223e-37 9.97259e-39 1.17931e-40 1.23072e-42 1.13345e-44 9.21213e-47 6.60741e-49 4.1823e-51 2.33621e-53 1.15166e-55 5.01011e-58 1.92346e-60 6.5168e-63 1.94849e-65 5.14131e-68 1.19719e-70 2.46018e-73 4.46152e-76 7.14023e-79 1.00845e-81 1.25693e-84 1.38254e-87 1.34203e-90 1.14962e-93 8.6909e-97 5.79811e-100 3.41367e-103 1.77365e-106 8.13261e-110 3.29082e-113 1.17515e-116 0.0 0.0 0.0 0.0 0.0 0.0
0.0 0.0 0.0 0.0 0.0 5.87661e-23 1.25647e-21 2.37079e-20 3.94772e-19 5.80114e-18 7.52303e-17 8.60965e-16 8.69544e-15 7.75016e-14 6.09597e-13 4.23144e-12 2.59207e-11 1.40126e-10 6.68505e-10 2.81451e-09 1.04572e-08 3.42877e-08 9.92149e-08 2.53354e-07 5.70942e-07 1.13545e-06 1.99278e-06 3.08648e-06 4.21872e-06 5.08875e-06 5.41695e-06 5.08875e-06 4.21872e-06 3.08648e-06 1.99278e-06 1.13545e-06 5.70942e-07 2.53354e-07 9.92149e-08 3.42877e-08 1.04572e-08 2.81451e-09 6.68505e-10 1.40126e-10 2.59207e-11 4.23144e-12 6.09597e-13 7.75016e-14 8.69544e-15 8.60965e-16 7.52303e-17 5.80114e-18 3.94772e-19 2.37079e-20 1.25647e-21 5.87661e-23 2.42556e-24 8.83512e-26 2.84004e-27 8.05659e-29 2.01693e-30 4.45597e-32 8.68776e-34 1.49481e-35 2.26975e-37 3.04147e-39 3.59668e-41 3.75347e-43 3.45683e-45 2.80954e-47 2.01515e-49 1.27553e-51 7.12505e-54 3.51236e-56 1.528e-58 5.86623e-61 1.98751e-63 5.94255e-66 1.56801e-68 3.65123e-71 7.50312e-74 1.36069e-76 2.17765e-79 3.0756e-82 3.83341e-85 4.21652e-88 4.09295e-91 3.50616e-94 2.65057e-97 1.76832e-100 1.04111e-103 5.40934e-107 2.48031e-110 1.00364e-113 3.58399e-117 1.12945e-120 0.0 0.0 0.0 0.0 0.0
0.0 0.0 0.0 0.0 0.0 1.58167e-23 3.38175e-22 6.3809e-21 1.06252e-19 1.56135e-18 2.0248e-17 2.31726e-16 2.34035e-15 2.08593e-14 1.64071e-13 1.13888e-12 6.97647e-12 3.77144e-11 1.79926e-10 7.57515e-10 2.81451e-09 9.22842e-09 2.67033e-08 6.81893e-08 1.53667e-07 3.05603e-07 5.36351e-07 8.30716e-07 1.13545e-06 1.36962e-06 1.45795e-06 1.36962e-06 1.13545e-06 8.30716e-07 5.36351e-07 3.05603e-07 1.53667e-07 6.81893e-08 2.67033e-08 9.22842e-09 2.81451e-09 7.57515e-10 1.79926e-10 3.77144e-11 6.97647e-12 1.13888e-12 1.64071e-13 2.08593e-14 2.34035e-15 2.31726e-16 2.0248e-17 1.56135e-18 1.06252e-19 6.3809e-21 3.38175e-22 1.58167e-23 6.52832e-25 2.37794e-26 7.64388e-28 2.1684e-29 5.42848e-31 1.19931e-32 2.33828e-34 4.02323e-36 6.10895e-38 8.186e-40 9.68033e-42 1.01023e-43 9.30393e-46 7.56178e-48 5.42369e-50 3.43304e-52 1.91768e-54 9.45338e-57 4.11255e-59 1.57888e-61 5.34931e-64 1.59942e-66 4.22025e-69 9.82715e-72 2.01944e-74 3.66224e-77 5.86105e-80 8.27786e-83 1.03175e-85 1.13486e-88 1.1016e-91 9.4367e-95 7.13392e-98 4.75938e-101 2.80211e-104 1.4559e-107 6.67566e-111 2.70127e-114 9.64619e-118 3.03988e-121 0.0 0.0 0.0 0.0 0.0
0.0 0.0 0.0 0.0 0.0 3.75679e-24 8.03237e-23 1.5156e-21 2.52369e-20 3.70854e-19 4.80931e-18 5.50396e-17 5.55881e-16 4.95451e-15 3.89702e-14 2.70507e-13 1.65706e-12 8.95797e-12 4.27361e-11 1.79926e-10 6.68505e-10 2.19194e-09 6.34259e-09 1.61964e-08 3.64991e-08 7.25872e-08 1.27394e-07 1.97312e-07 2.69694e-07 3.25313e-07 3.46294e-07 3.25313e-07 2.69694e-07 1.97312e-07 1.27394e-07 7.25872e-08 3.64991e-08 1.61964e-08 6.34259e-09 2.19194e-09 6.68505e-10 1.79926e-10 4.27361e-11 8.95797e-12 1.65706e-12 2.70507e-13 3.89702e-14 4.95451e-15 5.55881e-16 5.50396e-17 4.80931e-18 3.70854e-19 2.52369e-20 1.5156e-21 8.03237e-23 3.75679e-24 1.55061e-25 5.6481e-27 1.81558e-28 5.1504e-30 1.28938e-31 2.84861e-33 5.5539e-35 9.55601e-37 1.451e-38 1.94435e-40 2.29928e-42 2.39951e-44 2.20988e-46 1.79608e-48 1.28824e-50 8.15419e-53 4.55489e-55 2.24537e-57 9.76816e-60 3.75016e-62 1.27057e-64 3.79894e-67 1.0024e-69 2.33415e-72 4.79658e-75 8.69858e-78 1.39212e-80 1.96616e-83 2.45062e-86 2.69553e-89 2.61653e-92 2.24141e-95 1.69446e-98 1.13045e-101 6.65559e-105 3.45808e-108 1.58561e-111 6.41608e-115 2.29117e-118 7.22035e-122 0.0 0.0 0.0 0.0 0.0
0.0 0.0 0.0 0.0 0.0 7.87466e-25 1.68368e-23 3.17686e-22 5.28995e-21 7.77353e-20 1.00809e-18 1.15369e-17 1.16519e-16 1.03852e-15 8.16861e-15 5.67014e-14 3.47338e-13 1.87769e-12 8.95797e-12 3.77144e-11 1.40126e-10 4.59456e-10 1.32948e-09 3.39495e-09 7.65063e-09 1.52151e-08 2.67033e-08 4.13589e-08 5.65309e-08 6.81893e-08 7.25872e-08 6.81893e-08 5.65309e-08 4.13589e-08 2.67033e-08 1.52151e-08 7.65063e-09 3.39495e-09 1.32948e-09 4.59456e-10 1.40126e-10 3.77144e-11 8.95797e-12 1.87769e-12 3.47338e-13 5.67014e-14 8.16861e-15 1.03852e-15 1.16519e-16 1.15369e-17 1.00809e-18 7.77353e-20 5.28995e-21 3.17686e-22 1.68368e-23 7.87466e-25 3.25026e-26 1.18391e-27 3.80566e-29 1.07958e-30 2.70268e-32 5.971e-34 1.16416e-35 2.00305e-37 3.04147e-39 4.07557e-41 4.81955e-43 5.02965e-45 4.63215e-47 3.76479e-49 2.7003e-51 1.70921e-53 9.54758e-56 4.70656e-58 2.04752e-60 7.86076e-63 2.66327e-65 7.96302e-68 2.10114e-70 4.89265e-73 1.00542e-75 1.82332e-78 2.91805e-81 4.12131e-84 5.13677e-87 5.65014e-90 5.48455e-93 4.69825e-96 3.55177e-99 2.36955e-102 1.39509e-105 7.24852e-109 3.32361e-112 1.34488e-115 4.80256e-119 1.51347e-122 0.0 0.0 0.0 0.0 0.0
